           0     6.92831
           1     6.09683
           2     6.09683
           3     5.61869
           4     5.33678
           5     5.13036
           6     5.03174
           7     4.81788
           8     4.81788
           9      4.6083
          10      4.6083
          11     4.53778
          12     4.21237
          13     4.09009
          14     4.00987
          15     3.74718
          16     3.36208
          17     3.36208
          18     3.36208
          19     3.15167
          20     3.02863
          21     3.00169
          22     3.00169
          23      2.9961
          24      2.9961
          25      2.9961
          26     2.88158
          27     2.87598
          28     2.53287
          29     2.78867
          30     2.65375
          31     2.65375
          32     2.23142
          33     2.23142
          34     2.21053
          35     2.21053
          36     2.06709
          37     2.06709
          38     2.06709
          39     2.06709
          40     2.06709
          41     2.06709
          42     1.98666
          43     1.98666
          44     1.98666
          45     1.98666
          46     1.98666
          47     1.95316
          48     1.95316
          49     1.95316
          50     1.95316
          51     1.95316
          52     1.94359
          53     1.94359
          54     1.94359
          55     1.85797
          56     1.81116
          57     1.77414
          58     1.77414
          59     1.77414
          60     1.77414
          61      1.7337
          62      1.7337
          63      1.7337
          64     1.46878
          65     1.46878
          66     1.46878
          67     1.46878
          68     1.46878
          69     1.46878
          70     1.45966
          71     1.33246
          72     1.33246
          73     1.33246
          74     1.33246
          75     1.33246
          76     1.33246
          77     1.33246
          78     1.33246
          79     1.33246
          80     1.33246
          81     1.28656
          82     1.28656
          83     1.28656
          84     1.25319
          85     1.25319
          86     1.21842
          87     1.25319
          88     1.25319
          89     1.25178
          90     1.21842
          91      1.2024
          92      1.2024
          93      1.2024
          94      1.2024
          95      1.2024
          96     1.18019
          97     1.16793
          98     1.16793
          99     1.16793
         100     1.16793
         101     1.16793
         102     1.16793
         103     1.16793
         104     1.16793
         105     1.16793
         106     1.16793
         107     1.16793
         108     1.16793
         109     1.16793
         110     1.16793
         111     1.16793
         112     1.16793
         113     1.16793
         114     1.16793
         115     1.16793
         116     1.16793
         117     1.16793
         118     1.16793
         119     1.16793
         120     1.16793
         121     1.16793
         122     1.16793
         123     1.16793
         124     1.16793
         125     1.16793
         126     1.16793
         127     1.16793
         128     1.16793
         129     1.16793
         130     1.16793
         131     1.16793
         132     1.16793
         133     1.16793
         134     1.16793
         135     1.16793
         136     1.16793
         137     1.16793
         138     1.16793
         139     1.10367
         140     1.10367
         141     1.10367
         142     1.06115
         143     1.06115
         144     1.06115
         145     1.06115
         146     1.06115
         147     1.06115
         148     1.03168
         149     1.03168
         150     1.01942
         151     1.01942
         152     1.01942
         153     1.01942
         154     1.01942
         155     1.01942
         156     1.01942
         157     1.01942
         158     1.01942
         159     1.01942
         160     1.01942
         161     1.01942
         162     1.01942
         163     1.01942
         164     1.01942
         165     1.01942
         166     1.01942
         167     1.01483
         168     1.01483
         169     1.01483
         170     1.01483
         171     1.01483
         172     1.01483
         173     1.01483
         174     1.01483
         175     1.01483
         176     1.01483
         177     1.01483
         178     1.01483
         179     1.00571
         180     1.00571
         181     1.00571
         182     1.00571
         183     1.00571
         184    0.956878
         185    0.956878
         186    0.956878
         187    0.956878
         188     0.94851
         189     0.94851
         190     0.94851
         191     0.94851
         192     0.94851
         193     0.94851
         194     0.94851
         195     0.94851
         196     0.94851
         197     0.94851
         198     0.94851
         199     0.94851
         200     0.94851
         201     0.94851
         202     0.94851
         203     0.94851
         204     0.94851
         205     0.94851
         206     0.94851
         207     0.94851
         208     0.94851
         209     0.94851
         210     0.94851
         211     0.94851
         212     0.94851
         213     0.94851
         214     0.94851
         215     0.94851
         216     0.94851
         217     0.94851
         218     0.94851
         219     0.94851
         220     0.94851
         221     0.94851
         222     0.94851
         223     0.94851
         224     0.94851
         225     0.94851
         226     0.94851
         227     0.94851
         228     0.94851
         229     0.94851
         230     0.94851
         231     0.94851
         232     0.94851
         233     0.94851
         234     0.94851
         235     0.94851
         236     0.94851
         237     0.94851
         238     0.94851
         239     0.94851
         240     0.94851
         241     0.94851
         242     0.94851
         243     0.94851
         244     0.94851
         245     0.94851
         246     0.94851
         247     0.94851
         248     0.94851
         249     0.94851
         250     0.94851
         251     0.94851
         252     0.94851
         253     0.94851
         254     0.94851
         255     0.94851
         256     0.94851
         257     0.94851
         258     0.94851
         259     0.94851
         260     0.94851
         261     0.94851
         262     0.94851
         263     0.94851
         264     0.94851
         265     0.94851
         266     0.94851
         267     0.94851
         268     0.94851
         269     0.94851
         270     0.94851
         271     0.94851
         272     0.94851
         273     0.94851
         274     0.94851
         275     0.94851
         276     0.94851
         277     0.94851
         278     0.94851
         279     0.94851
         280     0.94851
         281     0.94851
         282     0.94851
         283     0.94851
         284     0.94851
         285     0.94851
         286     0.94851
         287     0.94851
         288     0.94851
         289     0.94851
         290     0.94851
         291     0.94851
         292     0.94851
         293    0.910659
         294    0.910659
         295    0.910659
         296    0.910659
         297    0.910659
         298    0.910659
         299    0.910659
         300    0.910659
         301    0.910659
         302    0.881185
         303    0.881185
         304    0.881185
         305    0.881185
         306    0.881185
         307    0.881185
         308    0.881185
         309    0.881185
         310    0.881185
         311    0.815855
         312    0.815855
         313    0.815855
         314    0.815855
         315    0.815855
         316    0.815855
         317    0.815855
         318    0.815855
         319    0.815855
         320    0.815855
         321    0.815855
         322    0.815855
         323    0.815855
         324    0.815855
         325    0.815855
         326    0.815855
         327    0.815855
         328    0.815855
         329    0.815855
         330    0.815855
         331    0.815855
         332    0.815855
         333    0.815855
         334    0.815855
         335    0.815855
         336    0.815855
         337    0.815855
         338    0.815855
         339    0.815855
         340    0.815855
         341    0.815855
         342    0.815855
         343    0.815855
         344    0.815855
         345    0.815855
         346    0.815855
         347    0.815855
         348     0.81507
         349     0.81507
         350     0.81507
         351     0.81507
         352     0.81507
         353     0.81507
         354     0.81507
         355     0.81507
         356     0.81507
         357     0.81507
         358     0.81507
         359     0.81507
         360     0.81507
         361     0.81507
         362     0.81507
         363     0.81507
         364     0.81507
         365     0.81507
         366     0.81507
         367     0.81507
         368     0.81507
         369     0.81507
         370     0.81507
         371     0.81507
         372     0.81507
         373     0.81507
         374     0.81507
         375     0.81507
         376     0.81507
         377     0.81507
         378     0.81507
         379     0.81507
         380     0.81507
         381     0.81507
         382     0.81507
         383     0.81507
         384     0.81507
         385     0.81507
         386     0.81507
         387     0.81507
         388     0.81507
         389     0.81507
         390     0.81507
         391     0.81507
         392     0.81507
         393     0.81507
         394     0.81507
         395    0.805463
         396    0.805463
         397    0.805463
         398    0.805463
         399    0.805463
         400    0.805463
         401    0.805463
         402    0.805463
         403    0.805463
         404    0.805463
         405    0.805463
         406    0.805463
         407    0.805463
         408    0.805463
         409    0.805463
         410    0.805463
         411    0.805463
         412    0.805463
         413    0.805463
         414    0.805463
         415    0.805463
         416    0.805463
         417    0.805463
         418    0.805463
         419    0.805463
         420    0.805463
         421    0.805463
         422    0.805463
         423    0.805463
         424    0.805463
         425    0.805463
         426    0.805463
         427    0.805463
         428    0.805463
         429    0.805463
         430    0.805463
         431    0.805463
         432    0.805463
         433    0.805463
         434    0.805463
         435    0.805463
         436    0.805463
         437    0.805463
         438    0.805463
         439    0.805463
         440    0.805463
         441    0.805463
         442    0.805463
         443    0.805463
         444    0.805463
         445    0.805463
         446    0.805463
         447    0.805463
         448    0.805463
         449    0.805463
         450    0.805463
         451    0.805463
         452    0.805463
         453    0.805463
         454    0.805463
         455    0.805463
         456    0.805463
         457    0.805463
         458    0.805463
         459    0.805463
         460    0.805463
         461    0.805463
         462    0.805463
         463    0.805463
         464    0.805463
         465    0.805463
         466    0.805463
         467    0.805463
         468    0.805463
         469    0.805463
         470    0.805463
         471    0.805463
         472    0.805463
         473    0.805463
         474    0.805463
         475    0.805463
         476    0.805463
         477    0.805463
         478    0.805463
         479    0.805463
         480    0.805463
         481    0.805463
         482    0.792581
         483    0.792581
         484    0.792581
         485    0.792581
         486    0.792581
         487    0.792581
         488    0.792581
         489    0.792581
         490    0.792581
         491    0.792581
         492    0.792581
         493    0.792581
         494    0.792581
         495    0.792581
         496    0.792581
         497    0.792581
         498    0.792581
         499    0.792581
         500    0.792581
         501    0.792581
         502    0.792581
         503    0.792581
         504    0.792581
         505    0.792581
         506    0.792581
         507    0.792581
         508    0.792581
         509    0.792581
         510    0.792581
         511    0.792581
         512    0.792581
         513    0.792581
         514    0.792581
         515    0.792581
         516    0.792581
         517    0.792581
         518    0.792581
         519    0.792581
         520    0.792581
         521    0.792581
         522    0.792581
         523    0.792581
         524    0.792581
         525    0.792581
         526    0.792581
         527    0.792581
         528    0.792581
         529    0.792581
         530    0.792581
         531    0.792581
         532    0.792581
         533    0.792581
         534    0.792581
         535    0.792581
         536    0.792581
         537    0.792581
         538    0.792581
         539    0.792581
         540    0.792581
         541    0.792581
         542    0.792581
         543    0.792581
         544    0.792581
         545    0.792581
         546    0.792581
         547    0.792581
         548    0.792581
         549    0.792581
         550    0.792581
         551    0.792581
         552    0.792581
         553    0.792581
         554    0.792581
         555    0.792581
         556    0.792581
         557    0.792581
         558    0.792581
         559    0.792581
         560    0.792581
         561    0.792581
         562    0.792581
         563    0.792581
         564    0.792581
         565    0.792581
         566    0.792581
         567    0.792581
         568    0.792581
         569    0.792581
         570    0.792581
         571    0.792581
         572    0.792581
         573    0.792581
         574    0.792581
         575    0.792581
         576    0.792581
         577    0.792581
         578    0.792581
         579    0.792581
         580    0.792581
         581    0.792581
         582    0.792581
         583    0.792581
         584    0.792581
         585    0.792581
         586    0.792581
         587    0.792581
         588    0.792581
         589    0.792581
         590    0.776171
         591    0.767803
         592    0.767803
         593    0.767803
         594    0.767803
         595    0.767803
         596    0.767803
         597    0.767803
         598    0.767803
         599    0.767803
         600    0.767803
         601    0.767803
         602    0.767803
         603    0.767803
         604    0.767803
         605    0.767803
         606    0.767803
         607    0.767803
         608    0.767803
         609    0.767803
         610    0.767803
         611    0.767803
         612    0.767803
         613    0.767803
         614    0.767803
         615    0.767803
         616    0.767803
         617    0.767803
         618    0.767803
         619    0.767803
         620    0.767803
         621    0.767803
         622    0.767803
         623    0.767803
         624    0.767803
         625    0.767803
         626    0.767803
         627    0.767803
         628    0.767803
         629    0.767803
         630    0.767803
         631    0.767803
         632    0.767803
         633    0.767803
         634    0.767803
         635    0.767803
         636    0.767803
         637    0.767803
         638    0.767803
         639    0.767803
         640    0.767803
         641    0.767803
         642    0.767803
         643    0.767803
         644    0.767803
         645    0.767803
         646    0.767803
         647    0.767803
         648    0.767803
         649    0.767803
         650    0.767803
         651    0.767803
         652    0.767803
         653    0.767803
         654    0.767803
         655    0.767803
         656    0.767803
         657    0.767803
         658    0.767803
         659    0.767803
         660    0.767803
         661    0.767803
         662    0.767803
         663    0.767803
         664    0.767803
         665    0.767803
         666    0.767803
         667    0.767803
         668    0.767803
         669    0.767803
         670    0.767803
         671    0.767803
         672    0.767803
         673    0.767803
         674    0.767803
         675    0.767803
         676    0.767803
         677    0.767803
         678    0.767803
         679    0.767803
         680    0.767803
         681    0.767803
         682    0.767803
         683    0.767803
         684    0.767803
         685    0.767803
         686    0.767803
         687    0.767803
         688    0.767803
         689    0.767803
         690    0.767803
         691    0.767803
         692    0.767803
         693    0.767803
         694    0.767803
         695    0.767803
         696    0.767803
         697    0.767803
         698    0.767803
         699    0.767803
         700    0.767803
         701    0.767803
         702    0.767803
         703    0.767803
         704    0.767803
         705    0.767803
         706    0.767803
         707    0.767803
         708    0.767803
         709    0.767803
         710    0.767803
         711    0.767803
         712    0.767803
         713    0.767803
         714    0.767803
         715    0.767803
         716    0.767803
         717    0.767803
         718    0.767803
         719    0.767803
         720    0.767803
         721    0.767803
         722    0.767803
         723    0.767803
         724    0.767803
         725    0.767803
         726    0.767803
         727    0.767803
         728    0.767803
         729    0.767803
         730    0.767803
         731    0.767803
         732    0.767803
         733    0.767803
         734    0.767803
         735    0.767803
         736    0.767803
         737    0.767803
         738    0.767803
         739    0.767803
         740    0.767803
         741    0.767803
         742    0.767803
         743    0.767803
         744    0.767803
         745    0.767803
         746    0.767803
         747    0.767803
         748    0.767803
         749    0.767803
         750    0.767803
         751    0.767803
         752    0.767803
         753    0.767803
         754    0.767803
         755    0.767803
         756    0.767803
         757    0.767803
         758    0.767803
         759    0.767803
         760    0.767803
         761    0.767803
         762    0.755351
         763    0.755351
         764    0.755351
         765    0.755351
         766    0.755351
         767    0.755351
         768    0.755351
         769    0.755351
         770    0.755351
         771    0.755351
         772    0.755351
         773    0.755351
         774    0.755351
         775    0.755351
         776    0.755351
         777    0.755351
         778    0.755351
         779    0.755351
         780    0.755351
         781    0.755351
         782    0.755351
         783    0.755351
         784    0.755351
         785    0.755351
         786    0.755351
         787    0.755351
         788    0.755351
         789    0.755351
         790    0.755351
         791    0.755351
         792    0.755351
         793    0.755351
         794    0.755351
         795    0.755351
         796    0.755351
         797    0.755351
         798    0.755351
         799    0.755351
         800    0.755351
         801    0.755351
         802    0.755351
         803    0.755351
         804    0.755351
         805    0.755351
         806    0.755351
         807    0.755351
         808    0.755351
         809    0.755351
         810    0.755351
         811    0.755351
         812    0.755351
         813    0.755351
         814    0.755351
         815    0.755351
         816    0.755351
         817    0.755351
         818    0.755351
         819    0.755351
         820    0.755351
         821    0.755351
         822    0.755351
         823    0.755351
         824    0.755351
         825    0.755351
         826    0.755351
         827    0.755351
         828    0.755351
         829    0.755351
         830    0.755351
         831    0.755351
         832    0.755351
         833    0.755351
         834    0.755351
         835    0.755351
         836    0.755351
         837    0.755351
         838    0.755351
         839    0.755351
         840    0.755351
         841    0.755351
         842    0.755351
         843    0.755351
         844    0.727079
         845    0.727079
         846    0.727079
         847    0.727079
         848    0.727079
         849    0.727079
         850    0.727079
         851    0.727079
         852    0.727079
         853    0.727079
         854    0.727079
         855    0.727079
         856    0.727079
         857    0.727079
         858    0.727079
         859    0.727079
         860    0.727079
         861    0.727079
         862    0.727079
         863    0.727079
         864    0.727079
         865    0.727079
         866    0.727079
         867    0.727079
         868    0.727079
         869    0.727079
         870    0.727079
         871    0.727079
         872    0.727079
         873    0.727079
         874    0.727079
         875    0.727079
         876    0.727079
         877    0.727079
         878    0.727079
         879    0.727079
         880    0.727079
         881    0.727079
         882    0.727079
         883    0.727079
         884    0.727079
         885    0.727079
         886    0.727079
         887    0.727079
         888    0.727079
         889    0.727079
         890    0.727079
         891    0.727079
         892    0.727079
         893    0.727079
         894    0.727079
         895    0.727079
         896    0.727079
         897    0.727079
         898    0.727079
         899    0.727079
         900    0.727079
         901    0.727079
         902    0.727079
         903    0.727079
         904    0.727079
         905    0.727079
         906    0.727079
         907    0.727079
         908    0.727079
         909    0.727079
         910    0.727079
         911    0.727079
         912    0.727079
         913    0.727079
         914    0.727079
         915    0.727079
         916    0.727079
         917    0.727079
         918    0.727079
         919    0.727079
         920    0.727079
         921    0.727079
         922    0.727079
         923    0.727079
         924    0.727079
         925    0.727079
         926    0.727079
         927    0.727079
         928    0.727079
         929    0.727079
         930    0.727079
         931    0.727079
         932    0.727079
         933    0.727079
         934    0.727079
         935    0.727079
         936    0.727079
         937    0.727079
         938    0.727079
         939    0.727079
         940    0.727079
         941    0.727079
         942    0.727079
         943    0.727079
         944    0.727079
         945    0.727079
         946    0.727079
         947    0.727079
         948    0.727079
         949    0.727079
         950    0.727079
         951    0.727079
         952    0.727079
         953    0.727079
         954    0.727079
         955    0.727079
         956    0.727079
         957    0.727079
         958    0.727079
         959    0.727079
         960    0.727079
         961    0.727079
         962    0.727079
         963    0.727079
         964    0.727079
         965    0.727079
         966    0.727079
         967    0.727079
         968    0.727079
         969    0.727079
         970    0.727079
         971    0.727079
         972    0.727079
         973    0.727079
         974    0.727079
         975    0.727079
         976    0.727079
         977    0.727079
         978    0.727079
         979    0.727079
         980    0.727079
         981    0.727079
         982    0.727079
         983    0.727079
         984    0.727079
         985    0.727079
         986    0.727079
         987    0.727079
         988    0.727079
         989    0.727079
         990    0.727079
         991    0.727079
         992    0.727079
         993    0.727079
         994    0.727079
         995    0.727079
         996    0.727079
         997    0.727079
         998    0.727079
         999    0.727079
           0     8.11677
           1     7.72278
           2      6.9308
           3     6.74789
           4     6.41711
           5     6.19837
           6     6.19837
           7      6.1677
           8     6.08973
           9     6.02375
          10     5.77738
          11     5.57849
          12     5.57849
          13     5.38474
          14     5.38474
          15     5.38474
          16     5.15981
          17     5.08988
          18     4.95126
          19      4.9266
          20     4.65801
          21     4.48472
          22     4.48472
          23     4.45119
          24      4.0408
          25      4.0408
          26     3.32258
          27     3.32258
          28     3.32258
          29     3.36619
          30      3.3652
          31     3.06716
          32     2.94436
          33     2.86467
          34     2.79736
          35     2.79736
          36     2.74099
          37     2.41804
          38     2.41804
          39     2.41804
          40      2.3934
          41     2.21993
          42     2.21993
          43     2.18356
          44     2.18356
          45     2.18617
          46     2.15819
          47     1.88231
          48     1.88231
          49     1.76374
          50     1.76374
          51     1.75661
          52     1.71091
          53     1.71091
          54     1.71057
          55     1.71057
          56     1.54848
          57     1.54848
          58     1.43571
          59     1.43571
          60     1.40771
          61     1.40771
          62     1.40771
          63     1.40771
          64     1.40771
          65     1.40771
          66     1.40771
          67     1.40658
          68     1.40658
          69     1.40658
          70     1.40658
          71     1.40658
          72     1.40658
          73     1.40658
          74     1.40658
          75     1.40658
          76     1.40658
          77     1.40658
          78     1.40658
          79      1.4026
          80      1.4026
          81      1.4026
          82      1.4026
          83      1.4026
          84      1.4026
          85      1.4026
          86      1.4026
          87      1.4026
          88      1.4026
          89      1.4026
          90      1.4026
          91      1.4026
          92      1.4026
          93     1.39703
          94      1.4026
          95      1.3887
          96     1.36854
          97     1.36854
          98     1.36298
          99     1.36298
         100     1.36298
         101     1.36298
         102     1.35667
         103     1.36298
         104     1.36298
         105     1.36298
         106     1.36298
         107     1.36298
         108     1.36298
         109     1.34458
         110     1.36298
         111     1.36298
         112     1.36298
         113     1.36298
         114     1.36298
         115     1.36298
         116     1.36298
         117     1.32776
         118     1.32776
         119     1.32776
         120     1.31503
         121     1.31503
         122     1.31503
         123     1.31503
         124     1.31503
         125     1.31503
         126     1.30721
         127     1.30721
         128     1.30721
         129     1.30721
         130     1.30721
         131     1.27017
         132     1.30721
         133     1.30721
         134     1.30721
         135     1.30721
         136     1.30721
         137     1.30721
         138     1.30721
         139     1.30721
         140     1.30721
         141     1.30721
         142     1.30721
         143     1.30721
         144     1.30721
         145     1.30721
         146     1.30721
         147     1.28891
         148     1.28891
         149     1.28891
         150     1.28891
         151     1.28891
         152     1.25818
         153      1.2229
         154      1.2229
         155      1.2229
         156      1.2229
         157      1.2229
         158      1.2229
         159     1.21758
         160     1.21758
         161     1.21758
         162     1.21758
         163     1.21758
         164     1.16221
         165     1.16221
         166     1.16221
         167     1.13148
         168     1.13148
         169     1.13148
         170      1.1275
         171      1.1275
         172      1.1275
         173      1.1275
         174      1.1275
         175      1.1275
         176      1.1275
         177      1.1275
         178      1.1275
         179      1.1275
         180      1.1275
         181      1.1275
         182      1.1275
         183      1.1275
         184      1.1275
         185      1.1275
         186      1.1275
         187      1.1275
         188      1.1275
         189      1.1275
         190      1.1275
         191      1.1275
         192      1.1275
         193      1.1275
         194      1.1275
         195      1.1275
         196      1.1275
         197      1.1275
         198      1.1275
         199      1.1275
         200      1.1275
         201      1.1275
         202      1.1275
         203      1.1275
         204      1.1275
         205      1.1275
         206      1.1275
         207      1.1275
         208      1.1275
         209      1.1275
         210      1.1275
         211      1.1275
         212      1.1275
         213      1.1275
         214      1.1275
         215      1.1275
         216      1.1275
         217      1.1275
         218      1.1275
         219      1.1275
         220      1.1275
         221      1.1275
         222      1.1275
         223      1.1275
         224     1.12224
         225     1.12224
         226     1.12224
         227     1.12224
         228     1.12224
         229     1.12224
         230     1.12224
         231     1.12224
         232     1.12224
         233     1.12224
         234     1.12224
         235     1.10916
         236     1.03728
         237     1.03728
         238     1.03728
         239     1.03728
         240     1.03728
         241     1.03728
         242     1.03728
         243     1.03728
         244     1.03728
         245     1.03728
         246     1.03728
         247     1.03728
         248     1.03728
         249     1.03728
         250     1.03728
         251     1.03728
         252     1.03728
         253     1.03728
         254     1.03728
         255     1.03728
         256     1.03728
         257     1.01784
         258     1.01784
         259     1.01784
         260     1.01784
         261     1.01784
         262     1.01784
         263     1.01784
         264     1.01784
         265     1.01784
         266     1.01784
         267     1.01784
         268     1.01784
         269     1.01784
         270     1.01784
         271     1.01784
         272     1.01784
         273     1.01784
         274     1.01784
         275     1.01784
         276     1.01784
         277     1.01784
         278     1.01784
         279     1.01784
         280     1.01784
         281     1.01784
         282     1.01784
         283     1.01784
         284     1.01784
         285     1.01784
         286     1.01784
         287     1.01784
         288     1.01784
         289     1.01784
         290     1.01784
         291     1.01784
         292     1.01784
         293     1.01784
         294     1.01784
         295     1.01784
         296     1.01784
         297     1.01784
         298     1.01784
         299     1.01784
         300     1.05493
         301     1.05493
         302     1.05493
         303     1.05493
         304     1.05493
         305     1.01784
         306     1.01784
         307     1.01784
         308     1.01784
         309     1.01784
         310     1.01784
         311     1.01784
         312     1.01784
         313     1.01784
         314     1.01784
         315    0.997067
         316    0.997067
         317    0.997067
         318     1.04964
         319     1.04964
         320    0.997067
         321    0.997067
         322     1.04964
         323     1.04964
         324     1.03319
         325     1.03319
         326     1.03319
         327     1.03319
         328     1.03319
         329     1.03319
         330     1.03319
         331     1.03319
         332     1.03319
         333     1.03319
         334     1.03319
         335     1.03319
         336     1.03319
         337     1.03319
         338     1.03319
         339     1.03319
         340     1.03319
         341     1.03319
         342     1.03319
         343     1.03319
         344     1.03319
         345     1.03319
         346     1.03319
         347     1.03319
         348     1.03319
         349     1.03319
         350     1.03319
         351     1.03319
         352     1.03319
         353     1.03319
         354     1.03319
         355     1.03319
         356     1.03319
         357     1.03319
         358     1.03319
         359     1.03319
         360     1.03319
         361     1.03319
         362     1.03319
         363     1.03319
         364     1.03319
         365     1.03319
         366     1.03319
         367     1.03319
         368     1.03319
         369     1.03319
         370     1.03319
         371     1.03319
         372     1.03319
         373     1.03319
         374     1.03319
         375     1.03319
         376     1.03319
         377     1.03319
         378     1.03319
         379     1.03319
         380     1.03319
         381     1.03319
         382     1.03319
         383     1.03319
         384     1.03319
         385     1.03319
         386     1.03319
         387     1.03319
         388     1.03319
         389     1.03319
         390     1.02949
         391     1.02949
         392     1.02949
         393     1.02949
         394     1.02949
         395     1.02949
         396     1.02949
         397     1.02949
         398     1.02949
         399     1.02793
         400     1.02793
         401     1.02793
         402    0.986022
         403    0.986022
         404    0.986022
         405    0.986022
         406    0.986022
         407    0.986022
         408    0.986022
         409    0.986022
         410    0.986022
         411    0.986022
         412    0.986022
         413    0.986022
         414    0.986022
         415    0.986022
         416    0.986022
         417    0.986022
         418    0.986022
         419    0.986022
         420    0.986022
         421    0.986022
         422    0.986022
         423    0.986022
         424    0.986022
         425    0.986022
         426    0.986022
         427    0.986022
         428    0.986022
         429    0.986022
         430    0.986022
         431    0.986022
         432    0.986022
         433    0.986022
         434    0.985074
         435    0.985074
         436    0.985074
         437    0.985074
         438    0.985074
         439    0.985074
         440    0.985074
         441    0.985074
         442    0.985074
         443    0.985074
         444    0.985074
         445    0.985074
         446    0.985074
         447    0.985074
         448    0.985074
         449    0.985074
         450    0.985074
         451    0.985074
         452    0.985074
         453    0.985074
         454    0.985074
         455    0.985074
         456    0.985074
         457    0.985074
         458    0.985074
         459    0.985074
         460    0.985074
         461    0.903214
         462    0.903214
         463    0.903214
         464    0.903214
         465    0.903214
         466    0.903214
         467    0.903214
         468    0.903214
         469    0.903214
         470    0.903214
         471    0.903214
         472    0.903214
         473    0.894357
         474    0.894357
         475    0.894357
         476    0.894357
         477    0.894357
         478    0.894357
         479    0.894357
         480    0.894357
         481    0.894357
         482    0.894357
         483    0.894357
         484    0.894357
         485    0.894357
         486    0.894357
         487    0.894357
         488    0.894357
         489    0.894357
         490    0.894357
         491    0.894357
         492    0.894357
         493    0.894357
         494    0.894357
         495    0.894357
         496    0.894357
         497    0.894357
         498    0.894357
         499    0.894357
         500    0.894357
         501    0.894357
         502    0.894357
         503    0.894357
         504    0.894357
         505    0.894357
         506    0.894357
         507    0.894357
         508    0.894357
         509    0.894357
         510    0.894357
         511     0.88886
         512     0.88886
         513     0.88886
         514     0.88886
         515     0.88886
         516     0.88886
         517     0.88886
         518     0.88886
         519     0.88886
         520     0.88886
         521     0.88886
         522     0.88886
         523     0.88886
         524     0.88886
         525     0.88886
         526     0.88886
         527     0.88886
         528     0.88886
         529     0.88886
         530     0.88886
         531     0.88886
         532     0.88886
         533     0.88886
         534     0.88886
         535     0.88886
         536     0.88886
         537     0.88886
         538     0.88886
         539     0.88886
         540     0.88886
         541     0.88886
         542     0.88886
         543    0.949559
         544     0.88886
         545     0.88886
         546     0.88886
         547     0.88886
         548     0.88886
         549    0.829748
         550    0.829748
         551    0.829748
         552    0.829748
         553    0.829748
         554    0.829748
         555    0.829748
         556    0.829748
         557    0.829748
         558    0.829748
         559    0.829748
         560    0.829748
         561    0.829748
         562    0.829748
         563    0.822337
         564    0.822337
         565    0.822337
         566    0.822337
         567    0.822337
         568    0.822337
         569    0.822337
         570    0.822337
         571    0.822337
         572    0.822337
         573    0.822337
         574    0.822337
         575    0.822337
         576    0.822337
         577    0.822337
         578    0.822337
         579    0.822337
         580    0.822337
         581    0.822337
         582    0.822337
         583    0.822337
         584    0.822337
         585    0.822337
         586    0.822337
         587    0.822337
         588    0.822337
         589    0.822337
         590    0.822337
         591    0.822337
         592    0.822337
         593    0.998197
         594    0.933193
         595    0.933193
         596    0.933193
         597    0.933193
         598    0.933193
         599    0.933193
         600    0.933193
         601    0.933193
         602    0.933193
         603    0.896106
         604    0.896106
         605    0.896106
         606    0.896106
         607    0.896106
         608    0.896106
         609    0.896106
         610    0.896106
         611    0.896106
         612    0.896106
         613    0.896106
         614    0.896106
         615    0.896106
         616    0.896106
         617    0.896106
         618    0.896106
         619    0.896106
         620    0.896106
         621    0.896106
         622    0.896106
         623    0.896106
         624    0.896106
         625    0.896106
         626    0.896106
         627    0.896106
         628    0.896106
         629    0.896106
         630    0.896106
         631    0.896106
         632    0.896106
         633    0.896106
         634    0.896106
         635    0.896106
         636    0.896106
         637    0.896106
         638    0.896106
         639    0.896106
         640    0.896106
         641    0.896106
         642    0.896106
         643    0.896106
         644    0.896106
         645    0.896106
         646    0.896106
         647    0.896106
         648    0.896106
         649    0.896106
         650    0.896106
         651    0.896106
         652    0.896106
         653    0.896106
         654    0.896106
         655    0.896106
         656    0.896106
         657    0.896106
         658    0.896106
         659    0.896106
         660    0.896106
         661    0.896106
         662    0.896106
         663    0.896106
         664    0.896106
         665    0.896106
         666    0.896106
         667    0.896106
         668    0.896106
         669    0.886259
         670    0.886259
         671    0.886259
         672    0.886259
         673    0.886259
         674    0.886259
         675    0.886259
         676    0.886259
         677    0.886259
         678    0.886259
         679    0.886259
         680    0.886259
         681    0.886259
         682    0.886259
         683    0.886259
         684    0.886259
         685    0.886259
         686    0.886259
         687    0.886259
         688    0.886259
         689    0.886259
         690    0.886259
         691    0.886259
         692    0.886259
         693    0.886259
         694    0.886259
         695    0.886259
         696    0.886259
         697    0.886259
         698    0.886259
         699    0.886259
         700    0.886259
         701    0.886259
         702    0.886259
         703    0.886259
         704    0.886259
         705    0.886259
         706    0.886259
         707    0.886259
         708    0.886259
         709    0.886259
         710    0.886259
         711    0.886259
         712    0.886259
         713    0.886259
         714    0.886259
         715    0.886259
         716    0.886259
         717    0.886259
         718    0.886259
         719    0.886259
         720    0.886259
         721    0.886259
         722    0.886259
         723    0.886259
         724    0.886259
         725    0.886259
         726    0.886259
         727    0.886259
         728    0.886259
         729    0.886259
         730    0.886259
         731    0.864829
         732    0.844674
         733    0.844674
         734    0.844674
         735    0.844674
         736    0.844674
         737    0.844674
         738    0.844674
         739    0.844674
         740    0.844674
         741    0.844674
         742    0.844674
         743    0.844674
         744    0.844674
         745    0.844674
         746    0.844674
         747    0.844674
         748    0.844674
         749    0.844674
         750    0.844674
         751    0.844674
         752    0.844674
         753    0.844674
         754    0.844674
         755    0.844674
         756    0.844674
         757    0.844674
         758    0.844674
         759    0.844674
         760    0.844674
         761    0.844674
         762    0.844674
         763    0.844674
         764    0.844674
         765    0.844674
         766    0.844674
         767    0.844674
         768    0.844674
         769    0.844674
         770    0.844674
         771    0.844674
         772    0.844674
         773    0.844674
         774    0.844674
         775    0.844674
         776    0.844674
         777    0.844674
         778     0.81249
         779     0.81249
         780     0.81249
         781     0.81249
         782     0.81249
         783     0.81249
         784     0.81249
         785     0.81249
         786     0.81249
         787     0.81249
         788     0.81249
         789     0.81249
         790     0.81249
         791     0.81249
         792     0.81249
         793     0.81249
         794     0.81249
         795     0.81249
         796     0.81249
         797     0.81249
         798     0.81249
         799     0.81249
         800     0.81249
         801     0.81249
         802     0.81249
         803     0.81249
         804     0.81249
         805     0.81249
         806     0.81249
         807     0.81249
         808     0.81249
         809     0.81249
         810     0.81249
         811     0.81249
         812     0.81249
         813     0.81249
         814     0.81249
         815     0.81249
         816     0.81249
         817     0.81249
         818     0.81249
         819     0.81249
         820     0.81249
         821     0.81249
         822     0.81249
         823     0.81249
         824     0.81249
         825     0.81249
         826     0.81249
         827     0.81249
         828     0.81249
         829     0.81249
         830     0.81249
         831     0.81249
         832     0.81249
         833     0.81249
         834     0.81249
         835     0.81249
         836     0.81249
         837     0.81249
         838     0.81249
         839     0.81249
         840     0.81249
         841     0.81249
         842     0.81249
         843     0.81249
         844     0.81249
         845     0.81249
         846     0.81249
         847     0.81249
         848     0.81249
         849     0.81249
         850     0.81249
         851     0.81249
         852     0.81249
         853     0.81249
         854     0.81249
         855     0.81249
         856     0.81249
         857     0.81249
         858     0.81249
         859     0.81249
         860     0.81249
         861     0.81249
         862     0.81249
         863     0.81249
         864     0.81249
         865     0.81249
         866     0.81249
         867     0.81249
         868     0.81249
         869     0.81249
         870     0.81249
         871     0.81249
         872     0.81249
         873     0.81249
         874     0.81249
         875     0.81249
         876     0.81249
         877     0.81249
         878     0.81249
         879     0.81249
         880     0.81249
         881     0.81249
         882     0.81249
         883     0.81249
         884     0.81249
         885     0.81249
         886     0.81249
         887     0.81249
         888     0.81249
         889     0.81249
         890     0.81249
         891     0.81249
         892     0.81249
         893     0.81249
         894     0.81249
         895     0.81249
         896     0.81249
         897     0.81249
         898     0.81249
         899     0.81249
         900     0.81249
         901     0.81249
         902     0.81249
         903     0.81249
         904     0.81249
         905     0.81249
         906     0.81249
         907     0.81249
         908     0.81249
         909     0.81249
         910     0.81249
         911     0.81249
         912     0.81249
         913     0.81249
         914     0.81249
         915     0.81249
         916     0.81249
         917     0.81249
         918     0.81249
         919     0.81249
         920     0.81249
         921     0.81249
         922     0.81249
         923     0.81249
         924     0.81249
         925     0.81249
         926     0.81249
         927     0.81249
         928     0.81249
         929     0.81249
         930     0.81249
         931     0.81249
         932     0.81249
         933     0.81249
         934     0.81249
         935     0.81249
         936     0.81249
         937     0.81249
         938     0.81249
         939     0.81249
         940     0.81249
         941     0.81249
         942     0.81249
         943     0.81249
         944     0.81249
         945     0.81249
         946     0.81249
         947     0.81249
         948     0.81249
         949     0.81249
         950     0.81249
         951     0.81249
         952     0.81249
         953     0.81249
         954     0.81249
         955     0.81249
         956     0.81249
         957     0.81249
         958     0.81249
         959     0.81249
         960     0.81249
         961     0.81249
         962     0.81249
         963     0.81249
         964     0.81249
         965     0.81249
         966     0.81249
         967     0.81249
         968     0.81249
         969     0.81249
         970     0.81249
         971     0.81249
         972     0.81249
         973     0.81249
         974     0.81249
         975     0.81249
         976     0.81249
         977     0.81249
         978     0.81249
         979     0.81249
         980     1.10573
         981     1.10573
         982    0.832644
         983    0.832644
         984    0.832644
         985     0.81249
         986     0.81249
         987     0.81249
         988     0.81249
         989     0.81249
         990     0.81249
         991     0.81249
         992     0.81249
         993     0.81249
         994     0.81249
         995     0.81249
         996     0.81249
         997     0.81249
         998     0.81249
         999     0.81249
           0     8.11677
           1     7.72278
           2      6.9308
           3     6.74789
           4     6.41711
           5     6.19837
           6     6.19837
           7      6.1677
           8     6.08973
           9     6.02375
          10     5.77738
          11     5.57849
          12     5.57849
          13     5.38474
          14     5.38474
          15     5.38474
          16     5.15981
          17     5.08988
          18     4.95126
          19      4.9266
          20     4.65801
          21     4.48472
          22     4.48472
          23     4.45119
          24      4.0408
          25      4.0408
          26     3.32258
          27     3.32258
          28     3.32258
          29     3.36619
          30      3.3652
          31     3.06716
          32     2.94436
          33     2.86467
          34     2.79736
          35     2.79736
          36     2.74099
          37     2.41804
          38     2.41804
          39     2.41804
          40      2.3934
          41     2.21993
          42     2.21993
          43     2.18356
          44     2.18356
          45     2.18617
          46     2.15819
          47     1.88231
          48     1.88231
          49     1.76374
          50     1.76374
          51     1.75661
          52     1.71091
          53     1.71091
          54     1.71057
          55     1.71057
          56     1.54848
          57     1.54848
          58     1.43571
          59     1.43571
          60     1.40771
          61     1.40771
          62     1.40771
          63     1.40771
          64     1.40771
          65     1.40771
          66     1.40771
          67     1.40658
          68     1.40658
          69     1.40658
          70     1.40658
          71     1.40658
          72     1.40658
          73     1.40658
          74     1.40658
          75     1.40658
          76     1.40658
          77     1.40658
          78     1.40658
          79      1.4026
          80      1.4026
          81      1.4026
          82      1.4026
          83      1.4026
          84      1.4026
          85      1.4026
          86      1.4026
          87      1.4026
          88      1.4026
          89      1.4026
          90      1.4026
          91      1.4026
          92      1.4026
          93     1.39703
          94      1.4026
          95      1.3887
          96     1.36854
          97     1.36854
          98     1.36298
          99     1.36298
         100     1.36298
         101     1.36298
         102     1.35667
         103     1.36298
         104     1.36298
         105     1.36298
         106     1.36298
         107     1.36298
         108     1.36298
         109     1.34458
         110     1.36298
         111     1.36298
         112     1.36298
         113     1.36298
         114     1.36298
         115     1.36298
         116     1.36298
         117     1.32776
         118     1.32776
         119     1.32776
         120     1.31503
         121     1.31503
         122     1.31503
         123     1.31503
         124     1.31503
         125     1.31503
         126     1.30721
         127     1.30721
         128     1.30721
         129     1.30721
         130     1.30721
         131     1.27017
         132     1.30721
         133     1.30721
         134     1.30721
         135     1.30721
         136     1.30721
         137     1.30721
         138     1.30721
         139     1.30721
         140     1.30721
         141     1.30721
         142     1.30721
         143     1.30721
         144     1.30721
         145     1.30721
         146     1.30721
         147     1.28891
         148     1.28891
         149     1.28891
         150     1.28891
         151     1.28891
         152     1.25818
         153      1.2229
         154      1.2229
         155      1.2229
         156      1.2229
         157      1.2229
         158      1.2229
         159     1.21758
         160     1.21758
         161     1.21758
         162     1.21758
         163     1.21758
         164     1.16221
         165     1.16221
         166     1.16221
         167     1.13148
         168     1.13148
         169     1.13148
         170      1.1275
         171      1.1275
         172      1.1275
         173      1.1275
         174      1.1275
         175      1.1275
         176      1.1275
         177      1.1275
         178      1.1275
         179      1.1275
         180      1.1275
         181      1.1275
         182      1.1275
         183      1.1275
         184      1.1275
         185      1.1275
         186      1.1275
         187      1.1275
         188      1.1275
         189      1.1275
         190      1.1275
         191      1.1275
         192      1.1275
         193      1.1275
         194      1.1275
         195      1.1275
         196      1.1275
         197      1.1275
         198      1.1275
         199      1.1275
         200      1.1275
         201      1.1275
         202      1.1275
         203      1.1275
         204      1.1275
         205      1.1275
         206      1.1275
         207      1.1275
         208      1.1275
         209      1.1275
         210      1.1275
         211      1.1275
         212      1.1275
         213      1.1275
         214      1.1275
         215      1.1275
         216      1.1275
         217      1.1275
         218      1.1275
         219      1.1275
         220      1.1275
         221      1.1275
         222      1.1275
         223      1.1275
         224     1.12224
         225     1.12224
         226     1.12224
         227     1.12224
         228     1.12224
         229     1.12224
         230     1.12224
         231     1.12224
         232     1.12224
         233     1.12224
         234     1.12224
         235     1.10916
         236     1.03728
         237     1.03728
         238     1.03728
         239     1.03728
         240     1.03728
         241     1.03728
         242     1.03728
         243     1.03728
         244     1.03728
         245     1.03728
         246     1.03728
         247     1.03728
         248     1.03728
         249     1.03728
         250     1.03728
         251     1.03728
         252     1.03728
         253     1.03728
         254     1.03728
         255     1.03728
         256     1.03728
         257     1.01784
         258     1.01784
         259     1.01784
         260     1.01784
         261     1.01784
         262     1.01784
         263     1.01784
         264     1.01784
         265     1.01784
         266     1.01784
         267     1.01784
         268     1.01784
         269     1.01784
         270     1.01784
         271     1.01784
         272     1.01784
         273     1.01784
         274     1.01784
         275     1.01784
         276     1.01784
         277     1.01784
         278     1.01784
         279     1.01784
         280     1.01784
         281     1.01784
         282     1.01784
         283     1.01784
         284     1.01784
         285     1.01784
         286     1.01784
         287     1.01784
         288     1.01784
         289     1.01784
         290     1.01784
         291     1.01784
         292     1.01784
         293     1.01784
         294     1.01784
         295     1.01784
         296     1.01784
         297     1.01784
         298     1.01784
         299     1.01784
         300     1.05493
         301     1.05493
         302     1.05493
         303     1.05493
         304     1.05493
         305     1.01784
         306     1.01784
         307     1.01784
         308     1.01784
         309     1.01784
         310     1.01784
         311     1.01784
         312     1.01784
         313     1.01784
         314     1.01784
         315    0.997067
         316    0.997067
         317    0.997067
         318     1.04964
         319     1.04964
         320    0.997067
         321    0.997067
         322     1.04964
         323     1.04964
         324     1.03319
         325     1.03319
         326     1.03319
         327     1.03319
         328     1.03319
         329     1.03319
         330     1.03319
         331     1.03319
         332     1.03319
         333     1.03319
         334     1.03319
         335     1.03319
         336     1.03319
         337     1.03319
         338     1.03319
         339     1.03319
         340     1.03319
         341     1.03319
         342     1.03319
         343     1.03319
         344     1.03319
         345     1.03319
         346     1.03319
         347     1.03319
         348     1.03319
         349     1.03319
         350     1.03319
         351     1.03319
         352     1.03319
         353     1.03319
         354     1.03319
         355     1.03319
         356     1.03319
         357     1.03319
         358     1.03319
         359     1.03319
         360     1.03319
         361     1.03319
         362     1.03319
         363     1.03319
         364     1.03319
         365     1.03319
         366     1.03319
         367     1.03319
         368     1.03319
         369     1.03319
         370     1.03319
         371     1.03319
         372     1.03319
         373     1.03319
         374     1.03319
         375     1.03319
         376     1.03319
         377     1.03319
         378     1.03319
         379     1.03319
         380     1.03319
         381     1.03319
         382     1.03319
         383     1.03319
         384     1.03319
         385     1.03319
         386     1.03319
         387     1.03319
         388     1.03319
         389     1.03319
         390     1.02949
         391     1.02949
         392     1.02949
         393     1.02949
         394     1.02949
         395     1.02949
         396     1.02949
         397     1.02949
         398     1.02949
         399     1.02793
         400     1.02793
         401     1.02793
         402    0.986022
         403    0.986022
         404    0.986022
         405    0.986022
         406    0.986022
         407    0.986022
         408    0.986022
         409    0.986022
         410    0.986022
         411    0.986022
         412    0.986022
         413    0.986022
         414    0.986022
         415    0.986022
         416    0.986022
         417    0.986022
         418    0.986022
         419    0.986022
         420    0.986022
         421    0.986022
         422    0.986022
         423    0.986022
         424    0.986022
         425    0.986022
         426    0.986022
         427    0.986022
         428    0.986022
         429    0.986022
         430    0.986022
         431    0.986022
         432    0.986022
         433    0.986022
         434    0.985074
         435    0.985074
         436    0.985074
         437    0.985074
         438    0.985074
         439    0.985074
         440    0.985074
         441    0.985074
         442    0.985074
         443    0.985074
         444    0.985074
         445    0.985074
         446    0.985074
         447    0.985074
         448    0.985074
         449    0.985074
         450    0.985074
         451    0.985074
         452    0.985074
         453    0.985074
         454    0.985074
         455    0.985074
         456    0.985074
         457    0.985074
         458    0.985074
         459    0.985074
         460    0.985074
         461    0.903214
         462    0.903214
         463    0.903214
         464    0.903214
         465    0.903214
         466    0.903214
         467    0.903214
         468    0.903214
         469    0.903214
         470    0.903214
         471    0.903214
         472    0.903214
         473    0.894357
         474    0.894357
         475    0.894357
         476    0.894357
         477    0.894357
         478    0.894357
         479    0.894357
         480    0.894357
         481    0.894357
         482    0.894357
         483    0.894357
         484    0.894357
         485    0.894357
         486    0.894357
         487    0.894357
         488    0.894357
         489    0.894357
         490    0.894357
         491    0.894357
         492    0.894357
         493    0.894357
         494    0.894357
         495    0.894357
         496    0.894357
         497    0.894357
         498    0.894357
         499    0.894357
         500    0.894357
         501    0.894357
         502    0.894357
         503    0.894357
         504    0.894357
         505    0.894357
         506    0.894357
         507    0.894357
         508    0.894357
         509    0.894357
         510    0.894357
         511     0.88886
         512     0.88886
         513     0.88886
         514     0.88886
         515     0.88886
         516     0.88886
         517     0.88886
         518     0.88886
         519     0.88886
         520     0.88886
         521     0.88886
         522     0.88886
         523     0.88886
         524     0.88886
         525     0.88886
         526     0.88886
         527     0.88886
         528     0.88886
         529     0.88886
         530     0.88886
         531     0.88886
         532     0.88886
         533     0.88886
         534     0.88886
         535     0.88886
         536     0.88886
         537     0.88886
         538     0.88886
         539     0.88886
         540     0.88886
         541     0.88886
         542     0.88886
         543    0.949559
         544     0.88886
         545     0.88886
         546     0.88886
         547     0.88886
         548     0.88886
         549    0.829748
         550    0.829748
         551    0.829748
         552    0.829748
         553    0.829748
         554    0.829748
         555    0.829748
         556    0.829748
         557    0.829748
         558    0.829748
         559    0.829748
         560    0.829748
         561    0.829748
         562    0.829748
         563    0.822337
         564    0.822337
         565    0.822337
         566    0.822337
         567    0.822337
         568    0.822337
         569    0.822337
         570    0.822337
         571    0.822337
         572    0.822337
         573    0.822337
         574    0.822337
         575    0.822337
         576    0.822337
         577    0.822337
         578    0.822337
         579    0.822337
         580    0.822337
         581    0.822337
         582    0.822337
         583    0.822337
         584    0.822337
         585    0.822337
         586    0.822337
         587    0.822337
         588    0.822337
         589    0.822337
         590    0.822337
         591    0.822337
         592    0.822337
         593    0.998197
         594    0.933193
         595    0.933193
         596    0.933193
         597    0.933193
         598    0.933193
         599    0.933193
         600    0.933193
         601    0.933193
         602    0.933193
         603    0.896106
         604    0.896106
         605    0.896106
         606    0.896106
         607    0.896106
         608    0.896106
         609    0.896106
         610    0.896106
         611    0.896106
         612    0.896106
         613    0.896106
         614    0.896106
         615    0.896106
         616    0.896106
         617    0.896106
         618    0.896106
         619    0.896106
         620    0.896106
         621    0.896106
         622    0.896106
         623    0.896106
         624    0.896106
         625    0.896106
         626    0.896106
         627    0.896106
         628    0.896106
         629    0.896106
         630    0.896106
         631    0.896106
         632    0.896106
         633    0.896106
         634    0.896106
         635    0.896106
         636    0.896106
         637    0.896106
         638    0.896106
         639    0.896106
         640    0.896106
         641    0.896106
         642    0.896106
         643    0.896106
         644    0.896106
         645    0.896106
         646    0.896106
         647    0.896106
         648    0.896106
         649    0.896106
         650    0.896106
         651    0.896106
         652    0.896106
         653    0.896106
         654    0.896106
         655    0.896106
         656    0.896106
         657    0.896106
         658    0.896106
         659    0.896106
         660    0.896106
         661    0.896106
         662    0.896106
         663    0.896106
         664    0.896106
         665    0.896106
         666    0.896106
         667    0.896106
         668    0.896106
         669    0.886259
         670    0.886259
         671    0.886259
         672    0.886259
         673    0.886259
         674    0.886259
         675    0.886259
         676    0.886259
         677    0.886259
         678    0.886259
         679    0.886259
         680    0.886259
         681    0.886259
         682    0.886259
         683    0.886259
         684    0.886259
         685    0.886259
         686    0.886259
         687    0.886259
         688    0.886259
         689    0.886259
         690    0.886259
         691    0.886259
         692    0.886259
         693    0.886259
         694    0.886259
         695    0.886259
         696    0.886259
         697    0.886259
         698    0.886259
         699    0.886259
         700    0.886259
         701    0.886259
         702    0.886259
         703    0.886259
         704    0.886259
         705    0.886259
         706    0.886259
         707    0.886259
         708    0.886259
         709    0.886259
         710    0.886259
         711    0.886259
         712    0.886259
         713    0.886259
         714    0.886259
         715    0.886259
         716    0.886259
         717    0.886259
         718    0.886259
         719    0.886259
         720    0.886259
         721    0.886259
         722    0.886259
         723    0.886259
         724    0.886259
         725    0.886259
         726    0.886259
         727    0.886259
         728    0.886259
         729    0.886259
         730    0.886259
         731    0.864829
         732    0.844674
         733    0.844674
         734    0.844674
         735    0.844674
         736    0.844674
         737    0.844674
         738    0.844674
         739    0.844674
         740    0.844674
         741    0.844674
         742    0.844674
         743    0.844674
         744    0.844674
         745    0.844674
         746    0.844674
         747    0.844674
         748    0.844674
         749    0.844674
         750    0.844674
         751    0.844674
         752    0.844674
         753    0.844674
         754    0.844674
         755    0.844674
         756    0.844674
         757    0.844674
         758    0.844674
         759    0.844674
         760    0.844674
         761    0.844674
         762    0.844674
         763    0.844674
         764    0.844674
         765    0.844674
         766    0.844674
         767    0.844674
         768    0.844674
         769    0.844674
         770    0.844674
         771    0.844674
         772    0.844674
         773    0.844674
         774    0.844674
         775    0.844674
         776    0.844674
         777    0.844674
         778     0.81249
         779     0.81249
         780     0.81249
         781     0.81249
         782     0.81249
         783     0.81249
         784     0.81249
         785     0.81249
         786     0.81249
         787     0.81249
         788     0.81249
         789     0.81249
         790     0.81249
         791     0.81249
         792     0.81249
         793     0.81249
         794     0.81249
         795     0.81249
         796     0.81249
         797     0.81249
         798     0.81249
         799     0.81249
         800     0.81249
         801     0.81249
         802     0.81249
         803     0.81249
         804     0.81249
         805     0.81249
         806     0.81249
         807     0.81249
         808     0.81249
         809     0.81249
         810     0.81249
         811     0.81249
         812     0.81249
         813     0.81249
         814     0.81249
         815     0.81249
         816     0.81249
         817     0.81249
         818     0.81249
         819     0.81249
         820     0.81249
         821     0.81249
         822     0.81249
         823     0.81249
         824     0.81249
         825     0.81249
         826     0.81249
         827     0.81249
         828     0.81249
         829     0.81249
         830     0.81249
         831     0.81249
         832     0.81249
         833     0.81249
         834     0.81249
         835     0.81249
         836     0.81249
         837     0.81249
         838     0.81249
         839     0.81249
         840     0.81249
         841     0.81249
         842     0.81249
         843     0.81249
         844     0.81249
         845     0.81249
         846     0.81249
         847     0.81249
         848     0.81249
         849     0.81249
         850     0.81249
         851     0.81249
         852     0.81249
         853     0.81249
         854     0.81249
         855     0.81249
         856     0.81249
         857     0.81249
         858     0.81249
         859     0.81249
         860     0.81249
         861     0.81249
         862     0.81249
         863     0.81249
         864     0.81249
         865     0.81249
         866     0.81249
         867     0.81249
         868     0.81249
         869     0.81249
         870     0.81249
         871     0.81249
         872     0.81249
         873     0.81249
         874     0.81249
         875     0.81249
         876     0.81249
         877     0.81249
         878     0.81249
         879     0.81249
         880     0.81249
         881     0.81249
         882     0.81249
         883     0.81249
         884     0.81249
         885     0.81249
         886     0.81249
         887     0.81249
         888     0.81249
         889     0.81249
         890     0.81249
         891     0.81249
         892     0.81249
         893     0.81249
         894     0.81249
         895     0.81249
         896     0.81249
         897     0.81249
         898     0.81249
         899     0.81249
         900     0.81249
         901     0.81249
         902     0.81249
         903     0.81249
         904     0.81249
         905     0.81249
         906     0.81249
         907     0.81249
         908     0.81249
         909     0.81249
         910     0.81249
         911     0.81249
         912     0.81249
         913     0.81249
         914     0.81249
         915     0.81249
         916     0.81249
         917     0.81249
         918     0.81249
         919     0.81249
         920     0.81249
         921     0.81249
         922     0.81249
         923     0.81249
         924     0.81249
         925     0.81249
         926     0.81249
         927     0.81249
         928     0.81249
         929     0.81249
         930     0.81249
         931     0.81249
         932     0.81249
         933     0.81249
         934     0.81249
         935     0.81249
         936     0.81249
         937     0.81249
         938     0.81249
         939     0.81249
         940     0.81249
         941     0.81249
         942     0.81249
         943     0.81249
         944     0.81249
         945     0.81249
         946     0.81249
         947     0.81249
         948     0.81249
         949     0.81249
         950     0.81249
         951     0.81249
         952     0.81249
         953     0.81249
         954     0.81249
         955     0.81249
         956     0.81249
         957     0.81249
         958     0.81249
         959     0.81249
         960     0.81249
         961     0.81249
         962     0.81249
         963     0.81249
         964     0.81249
         965     0.81249
         966     0.81249
         967     0.81249
         968     0.81249
         969     0.81249
         970     0.81249
         971     0.81249
         972     0.81249
         973     0.81249
         974     0.81249
         975     0.81249
         976     0.81249
         977     0.81249
         978     0.81249
         979     0.81249
         980     1.10573
         981     1.10573
         982    0.832644
         983    0.832644
         984    0.832644
         985     0.81249
         986     0.81249
         987     0.81249
         988     0.81249
         989     0.81249
         990     0.81249
         991     0.81249
         992     0.81249
         993     0.81249
         994     0.81249
         995     0.81249
         996     0.81249
         997     0.81249
         998     0.81249
         999     0.81249
