1
14
2
33
18
29
9
24
28
31
30
7
15
26
34
10
19
27
23
22
20
17
13
25
4
16
6
12
3
32
5
21
8
11
1
14
2
33
18
29
9
24
28
31
30
7
15
26
34
10
19
27
23
22
20
17
13
25
4
16
6
12
3
32
5
21
8
11
1
14
2
33
18
29
9
24
28
31
30
7
15
26
34
10
19
27
23
22
20
17
13
25
4
16
6
12
3
32
5
21
8
11
1
14
2
33
18
29
9
24
28
31
30
7
15
26
34
10
19
27
23
22
20
17
13
25
4
16
6
12
3
32
5
21
8
11
1
14
2
33
18
29
9
24
28
31
30
7
15
26
34
10
19
27
23
22
20
17
13
25
4
16
6
12
3
32
5
21
8
11
1
14
2
33
18
29
9
24
28
31
30
7
15
26
34
10
19
27
23
22
20
17
13
25
4
16
6
12
3
32
5
21
8
11
1
14
2
33
18
29
9
24
28
31
30
7
15
26
34
10
19
27
23
22
20
17
13
25
4
16
6
12
3
32
5
21
8
11
1
14
2
33
18
29
9
24
28
31
30
7
15
26
34
10
19
27
23
22
20
17
13
25
4
16
6
12
3
32
5
21
8
11
1
14
2
33
18
29
9
24
28
31
30
7
15
26
34
10
19
27
23
22
20
17
13
25
4
16
6
12
3
32
5
21
8
11
1
14
2
33
18
29
9
24
28
31
30
7
15
26
34
10
19
27
23
22
20
17
13
25
4
16
6
12
3
32
5
21
8
11
1
14
2
33
18
29
9
24
28
31
30
7
15
26
34
10
19
27
23
22
20
17
13
25
4
16
6
12
3
32
5
21
8
11
1
14
2
33
18
29
9
24
28
31
30
7
15
26
34
10
19
27
23
22
20
17
13
25
4
16
6
12
3
32
5
21
8
11
1
14
2
33
18
29
9
24
28
31
30
7
15
26
34
10
19
27
23
22
20
17
13
25
4
16
6
12
3
32
5
21
8
11
1
14
2
33
18
29
9
24
28
31
30
7
15
26
34
10
19
27
23
22
20
17
13
25
4
16
6
12
3
32
5
21
8
11
1
14
2
33
18
29
9
24
28
31
30
7
15
26
34
10
19
27
23
22
20
17
13
25
4
16
6
12
3
32
5
21
8
11
1
14
2
33
18
29
9
24
28
31
30
7
15
26
34
10
19
27
23
22
20
17
13
25
4
16
6
12
3
32
5
21
8
11
1
14
2
33
18
29
9
24
28
31
30
7
15
26
34
10
19
27
23
22
20
17
13
25
4
16
6
12
3
32
5
21
8
11
1
14
2
33
18
29
9
24
28
31
30
7
15
26
34
10
19
27
23
22
20
17
13
25
4
16
6
12
3
32
5
21
8
11
1
14
2
33
18
29
9
24
28
31
30
7
15
26
34
10
19
27
23
22
20
17
13
25
4
16
6
12
3
32
5
21
8
11
1
14
2
33
18
29
9
24
28
31
30
7
15
26
34
10
19
27
23
22
20
17
13
25
4
16
6
12
3
32
5
21
8
11
1
14
2
33
18
29
9
24
28
31
30
7
15
26
34
10
19
27
23
22
20
17
13
25
4
16
6
12
3
32
5
21
8
11
1
14
2
33
18
29
9
24
28
31
30
7
15
26
34
10
19
27
23
22
20
17
13
25
4
16
6
12
3
32
5
21
8
11
1
14
2
33
18
29
9
24
28
31
30
7
15
26
34
10
19
27
23
22
20
17
13
25
4
16
6
12
3
32
5
21
8
11
1
14
2
33
18
29
9
24
28
31
30
7
15
26
34
10
19
27
23
22
20
17
13
25
4
16
6
12
3
32
5
21
8
11
1
14
2
33
18
29
9
24
28
31
30
7
15
26
34
10
19
27
23
22
20
17
13
25
4
16
6
12
3
32
5
21
8
11
1
14
2
33
18
29
9
24
28
31
30
7
15
26
34
10
19
27
23
22
20
17
13
25
4
16
6
12
3
32
5
21
8
11
1
14
2
33
18
29
9
24
28
31
30
7
15
26
34
10
19
27
23
22
20
17
13
25
4
16
6
12
3
32
5
21
8
11
1
14
2
33
18
29
9
24
28
31
15
30
7
26
34
10
23
22
20
17
13
25
4
16
27
19
6
12
3
32
5
21
8
11
1
14
2
33
18
29
9
24
28
31
15
30
7
26
34
10
23
22
20
17
13
25
4
16
27
19
6
12
3
32
5
21
8
11
1
14
2
33
18
29
9
24
28
31
30
7
15
26
34
10
19
27
23
22
20
17
13
25
4
16
6
12
3
32
5
21
8
11
1
14
2
33
18
29
9
24
28
31
30
7
15
26
34
10
19
27
23
22
20
17
13
25
4
16
6
12
3
32
5
21
8
11
1
14
2
33
18
29
9
24
28
31
30
7
15
26
34
10
19
27
23
22
20
17
13
25
4
16
6
12
3
32
5
21
8
11
1
14
2
33
18
29
9
24
28
31
30
7
15
26
34
10
19
27
23
22
20
17
13
25
4
16
6
12
3
32
5
21
8
11
