0.534444
1.3081
3.87966
2.41353
2.92798
3.22959
3.75096
-0.610459
3.53358
6.26821
2.57283
4.77341
4.17868
-12.0368
1.2886
3.23158
2.16866
3.14507
-15.3795
3.26743
-1.85625
4.02968
1.88815
1.5608
2.97872
4.03874
2.93437
2.98196
2.04841
1.93019
2.91116
3.27329
3.38438
3.25833
-0.703158
1.17093
7.60022
4.02579
3.00584
-10.0824
3.66141
2.56484
3.51728
1.74253
3.6275
-0.137458
0.49637
3.63522
3.24763
4.81906
-2.97772
2.85289
4.1043
13.6744
1.83738
62.0548
6.8374
8.23106
4.50463
-14.7219
0.762869
-2.89589
3.79305
0.270302
24.8997
2.67168
2.13363
2.00854
3.12043
2.18426
2.94191
-51.08
1.74953
-14.8047
0.334743
3.15363
2.05517
0.883125
6.15375
0.801704
1.9324
4.71174
3.9923
3.46716
1.63464
1.16873
3.61251
-1.88935
2.67477
2.3952
26.494
2.46338
2.79909
-8.06238
4.89972
3.08333
3.24348
5.0204
3.73458
4.93336
2.17243
7.94903
9.5506
7.1776
5.57099
2.22643
4.22378
-25.5513
4.69365
5.1452
3.93088
0.955074
2.0635
5.06919
3.15131
-0.519823
3.2834
3.40917
3.74879
8.74641
2.45692
4.06519
-5.03437
3.37003
1.73667
2.98833
4.79888
44.3913
-2.56754
-1.00862
-0.571054
7.18966
4.31508
0.191731
2.47588
4.55464
2.81425
7.95672
6.70788
-3.42362
-1.00311
2.11584
6.1577
3.62094
4.6236
3.49431
1.5027
2.05358
-2.23457
0.725257
-21.5472
2.5976
1.06023
17.1873
4.62001
4.09236
60.3549
5.82695
2.82939
3.83569
3.3194
1.9902
4.05362
2.83961
2.98683
5.71031
2.52559
1.00866
4.3205
2.18247
4.46203
3.20723
3.71844
3.33068
3.95391
3.49558
-4887.76
3.53559
2.25586
3.54542
3.4116
3.43653
0.233768
4.48322
2.70276
8.70693
3.79712
5.25747
5.63234
1.52209
13.3819
2.01418
2.41653
5.08908
4.36099
9.35742
3.3892
1.03282
3.12219
2.21934
3.12682
2.58783
3.56164
1.24406
1.45444
-34.1212
2.76316
-5.70862
1.70022
-6.72735
2.39306
1.67643
3.03974
2.9035
3.06388
3.33633
-2.9621
3.21932
6.20603
-6.20637
2.2371
3.30489
1.8414
1.31156
-1.12686
0.424477
-15.9192
2.73709
0.67268
3.5603
2.47234
1.63474
-1.95979
-11.0953
3.17531
2.92658
4.00909
-113.903
2.64133
12.8932
2.88739
1.65075
4.57717
2.69808
7.8006
0.596222
8.27825
7.1718
3.34816
4.34078
2.21814
6.01559
2.35106
2.97681
3.92275
2.15378
2.44858
2.98954
4.07949
3.05482
3.20119
1.53964
3.57978
2.29644
0.659984
3.71196
2.9687
3.12755
2.79213
3.55754
3.02259
3.80524
2.63386
0.186378
-17.9886
2.5213
1.8462
2.82716
2.54948
2.50531
2.70174
-0.319697
7.99477
3.55183
4.16801
3.54967
0.358512
1.62432
3.32743
2.6358
3.21634
0.542611
3.96346
3.37628
4.35764
3.14939
-29.123
2.44613
3.10926
2.09815
2.29272
3.29431
10.2098
3.58512
135.233
-1.89326
4.23574
3.21414
2.68879
2.63393
1.30389
1.22481
5.41549
2.31875
0.929509
3.79312
5.58969
3.86215
3.60927
2.86143
5.01003
6.79403
3.45198
1.37954
2.70313
-3.29086
5.43432
3.57504
0.86534
-6.13033
-4.39985
12.2659
4.96398
3.47927
4.47611
1.89543
2.09544
2.01015
6.33285
3.30334
-0.0398129
2.16303
1.07286
2.32253
4.32224
7.12145
-1.52858
4.66498
3.27235
6.10156
1.95515
9.21352
2.77827
5.35595
1.06709
5.12242
3.85665
24.4571
4.24072
3.50254
2.17215
3.25119
11.6523
9.32368
3.03239
2.64572
2.42201
3.68645
2.86902
4.92989
3.68218
3.03176
7.12613
3.2094
3.1334
0.375447
3.41518
3.60666
14.13
6.61667
3.08643
9.45617
1.55304
6.98382
0.0373998
4.1527
2.83326
-0.180325
3.82542
2.73054
3.03176
2.6143
1.79643
6.77133
1.90499
1.63999
2.46802
2.5862
23.0308
25.5856
1.93768
4.23857
6.32453
1.46135
1.54422
-0.209493
11.656
3.47199
4.80296
3.20372
-19.9559
2.50115
3.66292
2.82527
3.60382
2.4836
2.83873
-1.23732
20.825
2.55053
3.27669
104.064
13.0487
3.03411
133.46
2.94144
2.11459
0.355603
5.09531
-0.823857
0.841257
2.91034
3.18376
0.827963
-0.749708
2.59602
-1.08973
5.66546
2.54043
4.04323
2.11284
2.09476
3.57478
5.91264
3.46297
1.9722
-2.01225
4.16905
2.97984
2.99568
1.36964
4.77419
6.35603
1.55512
2.18596
2.90329
3.45364
2.64549
3.03823
2.30429
16.6202
3.74055
3.04345
3.31755
2.2433
1.15883
0.409848
3.6182
1.00502
2.69551
6.0261
6.73453
2.98401
5.80244
3.67256
0.752542
2.94438
2.10345
3.42448
3.33546
3.43361
3.01379
-1.76907
4.71124
4.15027
2.82395
3.08962
3.88681
2.72775
3.17671
-0.016813
2.98935
1.23384
3.48722
2.33866
3.1333
3.70828
7.28843
1.91171
1.819
2.32465
2.58609
4.26756
3.37216
1.95656
1.07461
3.73996
3.14143
2.71752
2.96128
2.64763
4.58417
4.46198
5.58444
4.49717
3.32569
4.23054
2.44624
8.18099
1.92951
3.56341
3.48585
3.3427
2.87775
3.69634
4.28388
-1.10169
4.26462
3.25609
3.4892
2.20628
2.22152
0.926133
-2.38116
0.397362
3.12265
4.52215
6.37094
2.48466
-0.0565658
7.69192
1.77678
1.78466
1.38827
-609.574
2.97114
-8.73818
2.73684
14.3321
4.26834
3.22517
-5.22085
-1.87152
9.13151
4.84286
-2.86022
-1.77249
3.07887
1.89591
3.48281
2.28302
3.18415
2.52553
3.51346
3.43613
-1.12396
3.37381
2.79952
3.11175
-0.618117
-9.40908
2.84075
3.87343
3.44175
0.0406818
4.38956
7.666
0.450032
8.66283
-53.024
3.36488
1.72958
2.76344
-0.0717449
2.99829
0.597762
4.33716
2.25905
3.23542
3.07504
2.64691
3.81564
3.03541
3.04534
4.03663
4.34994
2.29744
3.80693
2.59722
3.51798
1.84806
41.6325
1.81111
3.59239
1.38659
3.16595
3.61597
2.13336
-0.00676069
2.95644
2.77377
2.09988
6.91537
3.94543
-3.89225
2.46197
2.69155
4.57717
3.3623
3.1452
-14.5916
2.19178
2.30101
2.39986
3.58978
1.08299
2.20858
9.53983
4.15335
4.07765
3.23595
2.5754
3.77074
-131.229
2.78079
3.2996
3.0432
2.97472
6.61451
0.630649
-2.5006
2.57481
4.55319
2.47963
3.60729
2.70618
3.1706
4.95107
3.53409
1.35735
3.60579
3.82918
3.22639
2.76179
3.25742
5.11571
2.48369
3.85873
6.3048
6.8184
3.5056
4.5667
-0.727236
3.21666
2.33109
3.46362
3.49746
3.69232
3.49661
10.7267
-1.35389
4.53725
10.1971
5.53384
3.31361
-18.0663
3.7596
2.56201
1.26946
2.15817
16.1039
1.7635
4.21754
3.35452
4.25611
3.99745
-1.29651
-1.40816
2.2585
3.16813
3.6487
3.9682
5.71406
1.13662
0.538065
3.42144
2.77249
-12.2535
2.85563
3.17406
3.37289
-18.6523
4.49521
0.20134
2.66553
4.75727
6.67926
2.52663
2.36527
0.145001
1.24626
2.89679
5.17149
0.823199
2.66206
1.93378
4.06293
-3.5894
-25.6162
2.46495
2.20422
0.242185
0.150379
1.68653
3.0263
-2.9642
4.53309
3.64982
-1.13452
3.79019
3.72814
6.26824
3.69312
-0.414753
3.17802
8.09175
3.07643
2.32437
8.05542
4.47289
3.2608
3.60431
2.37623
1.9614
-3.78347
2.81732
26.2739
2.40626
2.80614
3.61842
4.57579
5.42252
3.8448
4.01133
3.90555
0.364431
3.85015
3.50703
3.89366
3.48104
2.95684
8.26792
4.00999
1.77023
1.19766
-1.86558
-5.19964
3.69198
2.68579
2.23777
-8.88833
2.93592
3.08456
6.35917
4.372
2.72345
2.89152
68.3611
2.84202
4.30515
-0.969631
5.59391
3.54955
4.59324
-4.41567
-2.32101
1.20774
2.80667
2.89528
2.33933
2.61329
6.13432
3.85574
1.6055
2.4456
5.6071
3.72303
3.2989
-0.914566
10.1584
3.60593
2.91533
4.10928
4.59537
2.06807
3.67439
2.98464
10.7557
4.11001
7.83632
3.43177
2.38952
4.89731
5.9283
3.61919
2.60422
5.26372
4.71568
2.47965
2.01845
2.3176
3.03522
3.63116
4.09293
2.38755
1.92243
27.4255
11.298
2.82989
3.72744
3.1986
3.67172
2.91583
1.4106
4.58097
3.37309
9.92376
1.39009
5.14078
2.75509
2.40692
2.95209
6.38308
-1.65203
3.23721
4.09929
10.9913
4.59589
8.96916
3.75171
2.03394
3.00716
4.28657
1.40656
2.50626
3.16315
8.96294
2.81173
-7.35187
2.96991
3.74337
3.43831
3.41385
5.0617
3.45973
2.77992
3.41325
2.04072
3.9296
-1.23029
1.37818
2.99347
4.52854
3.45614
5.91913
2.3572
3.57799
13.7173
1.7829
2.89685
5.23291
2.67739
4.92588
3.29126
0.687425
3.37148
2.44557
2.70613
-1.72608
3.21741
1.76355
2.57524
2.19631
9.95656
-2.13856
3.0163
1.2779
0.865533
6.77458
2.66711
3.00727
5.69567
2.18343
4.35915
1.91758
3.83545
1.55315
2.43986
0.96896
4.17989
1.1543
3.35066
3.08596
3.36915
2.68347
4.23992
2.51367
5.2382
0.133568
4.44392
3.6308
6.11439
5.79491
4.69641
3.05077
7.23606
7.76232
2.16632
18.4231
2.76889
0.0818049
5.34376
3.27377
1.63257
4.21626
4.80513
3.17262
5.2302
2.0335
1.70836
4.97648
2.49977
3.2412
2.56802
2.70869
3.07722
1.37543
2.81528
4.51741
3.48018
15.3631
3.92943
-6.27165
4.05561
4.15383
2.79351
5.67464
0.326037
2.67137
2.61607
6.86382
-0.340553
2.88237
11.5179
2.55669
10.7226
3.68593
1.65931
4.2927
2.379
2.41034
4.20754
4.27918
3.50755
1.23551
3.10464
3.31613
10.9343
2.65319
-2.1847
-0.466492
3.77798
2.54407
3.35583
2.63158
2.6752
2.34447
3.72015
2.44964
2.14917
3.9254
114.675
-2.5332
1.5844
1.34057
29.1613
4.07077
3.99961
3.21557
6.4332
3.61344
3.70285
2.9506
3.54882
3.42235
-6.65513
-8.17743
2.17323
3.26823
1.25717
3.27248
0.928246
2.34443
4.56598
-8.26074
4.64501
4.21583
2.32157
3.50848
1.9495
1.83417
2.99146
3.34111
0.601976
1.99813
4.27525
1.59599
1.60841
3.31973
0.0663195
-0.951023
12.3676
4.46207
-6.8352
3.8146
2.29693
2.45069
3.60729
6.39197
6.20548
4.91187
1.84567
1.9623
5.67481
5.79851
0.533341
1.90243
-0.80406
4.85203
5.26312
0.415703
3.10288
5.7319
3.28552
2.94572
6.14165
21.1095
4.1206
28.2377
-77.5822
6.86901
4.36915
-3.31327
0.716938
2.4969
4.56481
1.23489
1.19753
-886.268
3.72111
0.453264
2.85402
1.64456
0.418845
4.78803
3.67304
3.28817
0.298905
6.59172
2.40558
3.36901
2.6554
2.63251
1.52649
6.47878
3.91393
2.4936
2.41371
2.93359
5.3073
-7.59597
3.04958
1.12118
1.27327
11.3738
5.17826
1.888
4.81802
2.59016
5.57659
3.83205
-0.156855
1.5732
2.40978
7.22809
2.60293
0.860913
2.93786
-1.54251
-2.24779
4.06218
2.86442
2.64732
3.2931
1.19794
5.18724
-55.0017
2.71974
3.19649
2.94645
-0.547598
4.27449
1.84072
2.70967
1.75336
2.73563
6.6797
2.88461
5.77153
7.48892
3.70978
3.38312
3.96564
2.62937
2.00113
4.59178
3.51262
2.80818
6.2423
5.32174
4.21144
10.9486
2.2968
3.5401
3.37488
2.49369
2.86888
3.64102
3.16431
3.16322
7.60372
0.615075
8.25668
2.78873
0.275112
0.282883
2.88825
11.7895
-3.03662
2.74825
3.07016
3.35405
3.80069
2.55193
3.64133
-6.23937
-3.26805
3.28473
-5.43589
3.17417
5.59446
0.418985
2.13503
43.7117
8.73977
2.97136
3.93645
11.2922
2.98853
2.10241
4.24653
12.2106
-4.72688
4.49124
5.64907
2.37004
6.31587
2.27971
3.35843
4.0434
2.81109
9.17155
5.48046
3.29528
4.49307
2.72137
5.9844
3.46234
4.28657
-0.313671
1.78988
2.65249
1.18704
6.79968
6.09305
2.93942
7.42067
3.48517
1.37274
3.66183
1.01579
2.4015
3.43277
-5.41252
3.95748
2.66963
3.69031
-0.412773
2.69741
3.90609
2.91846
3.42592
2.74276
3.78557
3.17888
1.56623
4.27907
4.59673
-3.95728
5.22091
3.27127
15.6944
-12.1814
1.98485
4.88332
-16.3731
7.07774
2.56093
2.32156
2.62089
1.77121
3.85967
50.2929
4.52681
1.51014
3.55159
5.74799
-9.86028
3.10432
1.22404
3.75743
2.64548
3.62597
3.47673
2.6978
4.05885
4.78763
3.35457
3.25825
-139.084
4.02327
1.03886
3.61053
2.55857
8.74708
5.49106
-0.851865
3.45326
-24.1916
1.57234
5.07059
3.79133
-17.3146
3.22816
8.81281
3.5121
5.26332
2.79963
2.05168
3.08627
3.89669
3.08223
4.08026
8.38927
1.73511
2.84258
1.19773
3.4823
-5.88613
-1.45214
-2.34012
2.50319
2.85267
0.961154
2.4412
1.26711
8.44576
72.9011
2.69778
3.86321
0.945177
3.26793
7.17077
1.6688
3.20167
3.88151
2.93048
-8.6771
1.25
0.856643
3.75053
2.29026
4.34545
3.52466
4.26926
3.08522
6.73206
3.56395
3.05083
3.93193
2.57937
6.20599
6.8536
13.7805
2.5347
7.82954
3.04313
1.92307
8.73215
2.5556
2.81265
-4.74285
6.35002
1.92346
2.23736
3.16971
3.77374
4.82773
2.75294
2.16632
-0.199113
2.74912
3.03047
3.39077
3.77538
3.19176
2.95524
5.31875
4.90514
1.79231
3.20484
4.04281
2.61004
2.8476
3.51869
2.76527
3.35188
-56.0992
0.852216
3.24327
1.43833
3.20519
6.48264
-13.4214
1.56697
2.82586
9.59995
4.41269
1.58046
1.30246
2.55346
2.36372
2.13236
4.36519
9.03926
2.52875
3.03446
23.7874
0.452457
3.72723
3.15416
4.14267
2.31585
2.84426
4.61005
5.75008
3.34036
3.39783
3.04223
13.8129
1.55262
2.67941
2.04952
2.44933
-22.9247
3.01624
2.25014
-0.763546
5.25323
2.20197
3.7888
2.96385
3.40659
3.52742
3.42317
5.3586
-1.8549
1.90109
0.823378
3.77272
2.72033
2.99196
1.87832
-1.5702
4.16776
3.0721
0.821608
6.70057
0.509277
3.71943
-16.8992
-2.32287
2.85782
1.70911
-12.8227
3.44959
0.150281
2.14509
2.66838
0.895553
3.6677
1.92155
28.1701
2.44013
4.37181
10.7815
4.30971
4.61129
3.56597
2.73103
3.14248
-25.0643
2.26285
3.20009
4.70494
2.54121
3.24995
3.83366
2.70754
2.44321
4.21069
-4.09762
1.95619
2.51462
15.7226
4.08703
1.43873
1.8098
4.05956
2.64143
2.9245
3.9926
2.76656
0.736012
5.66994
3.58497
8.58234
1.87992
0.460501
1.14297
3.01808
3.43218
0.0571356
1.97307
2.94643
2.68735
17.1472
4.46474
11.1666
0.784009
5.23672
3.08415
3.74868
2.45573
1.90619
4.42424
1.99015
-9.11736
3.88271
24.3633
-0.0778493
2.57331
3.2571
3.75344
-0.0315659
3.67511
3.14074
5.36495
2.16283
3.04235
2.50049
3.77834
3.80823
3.67865
2.08211
3.20097
5.34338
2.81144
5.15313
5.49835
2.19891
3.65235
5.75171
4.0735
13.0638
3.73422
4.55652
12.3575
0.186969
-3.53485
0.166275
4.5743
3.11749
1.51508
3.08929
3.07936
2.39543
3.28819
3.07046
1.53801
3.06987
1.41595
9.11851
6.51933
2.70445
2.93332
2.97392
4.05496
4.45047
-5.50654
129.066
4.2151
21.7413
4.41265
3.17719
2.86587
-0.675712
5.30342
3.38978
3.10199
2.39859
4.30675
1.19294
1.43274
4.32902
-1.16729
51.0062
24.6552
5.53254
5.61206
17.8071
3.02092
4.35311
4.38615
-4.07759
2.28905
3.04044
2.57842
2.97016
2.02511
1.19908
4.90513
5.6387
5.80541
17.0065
2.39247
3.74354
2.15196
3.25169
2.97889
1.89832
3.34149
7.29282
6.26927
5.22143
2.01526
2.22287
1.18878
30.8429
1.47196
1.78938
-0.282465
5.34223
3.06677
0.485677
3.2536
-1.05971
2.35723
4.57758
0.291097
3.64593
1.74439
1.98332
2.93241
3.2187
1.50762
3.173
3.17125
3.04742
0.342463
3.50771
2.89327
3.16789
3.84835
1.64224
2.81089
4.65498
4.04222
4.91085
7.20047
4.01711
0.160374
12.5097
-21.1245
1.45868
2.33312
2.9425
2.46665
-4.178
2.35427
1.89845
0.417056
14.1146
4.31592
3.2673
2.97657
-0.11619
3.71321
3.74204
3.10349
3.4314
21.1906
6.7455
2.45074
1.71852
3.55103
2.85402
3.05118
3.16729
2.64485
3.97064
2.91858
-6.65004
3.72711
2.48293
1.59464
1.24933
2.15954
3.02905
0.694491
2.75189
5.61272
1.92174
1.99506
4.1771
3.05284
2.93662
3.73813
5.70411
8.60085
6.51989
3.0538
4.17855
4.06072
2.01414
4.45359
1.71992
11.2845
2.79373
7.35786
2.98985
6.20513
0.138694
3.42682
4.10612
2.83196
3.32734
1.09456
3.35873
2.85382
3.82437
2.35843
3.87298
2.57502
3.20638
-16.6194
2.43763
4.33336
2.90772
4.44801
11.533
2.71488
2.77062
3.43851
7.46514
4.75112
3.71514
2.047
3.64549
2.05698
3.01824
3.73592
5.51155
4.32554
3.37778
4.86422
1.1652
2.88476
2.42976
1.86346
0.920476
1.85941
2.50287
2.48625
3.87062
3.83202
-0.520317
1.84143
2.27006
3.22163
3.23979
2.46129
0.615057
-24.5809
18.1439
3.87071
56.4769
3.44138
2.90519
2.65272
4.29287
2.41116
2.9951
3.30055
2.17183
3.53006
3.22759
8.33749
1.26003
-0.414257
5.14644
1.49134
3.13203
2.77638
4.35641
-54.0004
2.26027
3.05689
6.74151
-0.64993
3.20769
-0.402052
2.66668
8.96984
-118.658
3.18036
9.46263
2.80229
-117.838
-18.0823
-3.18352
7.6556
4.33472
6.9425
2.25839
3.098
-141.021
0.88712
2.22304
3.57692
2.55667
-889.603
2.92222
2.9273
-1.08899
4.32611
3.3095
2.11549
7.43272
2.39473
3.74406
3.91018
2.75092
4.73606
-1.78296
10.1379
40.5784
1.97638
-6.46479
2.74062
4.93595
3.24125
2.54423
2.55633
2.05548
2.37627
0.565513
-26.0618
1.75169
3.22666
4.63356
-2.0141
1.94727
4.44176
3.75879
1.7593
5.34632
4.65708
-5.46968
3.95885
5.79922
2.107
1.22592
1.97768
8.72508
3.12091
540.148
2.31485
0.418235
1.12179
2.36494
4.37589
3.10334
4.43237
-6.21975
4.36948
2.67732
3.78123
3.13091
2.76651
5.19401
1.2817
-5.45187
3.57406
4.86398
1.5074
3.08246
4.8858
2.2586
-5.21061
2.46314
3.49338
-9.33943
5.15367
4.40856
-3.42123
3.58601
2.64251
3.06515
4.23775
4.1921
3.91973
5.36628
4.53002
8.40497
1.11473
3.93635
4.9069
3.32375
1.94149
1.17083
2.50768
2.52242
7.11136
48.0485
3.07094
5.32096
3.03519
3.04996
2.97633
2.58663
3.20668
2.76763
2.59336
1.70412
0.584435
5.20149
4.48
3.12147
2.41707
2.25489
3.14398
2.63199
2.37993
3.986
3.48409
0.907883
11.8195
3.47521
3.37827
-3.49345
5.98257
-2.4497
4.17073
-7.37927
0.0963451
3.72855
-9.65852
0.85502
14.0825
242.112
-7.03138
1.78265
1.33801
2.00604
3.52094
2.83594
7.39833
2.9081
4.07131
0.686663
3.00598
3.38505
-13.8839
7.25417
3.49739
2.93638
2.77713
1.64455
2.20645
6.28825
3.98709
3.16977
0.0911294
6.86294
1.99165
2.5685
2.6246
1.46915
3.21957
2.83799
1.88523
0.682686
4.69197
2.95863
3.48699
4.06208
1.71986
3.43962
3.36788
73.7169
2.87231
0.947726
4.52119
3.04554
-0.921856
2.6034
2.52314
-7.87533
3.05279
3.12282
3.29935
2.32567
3.11898
2.94588
-0.033512
5.34454
-7.58578
-7.5935
3.37018
5.8427
-8.05203
5.02072
3.25986
9.1051
1.60047
5.23154
3.15714
2.69854
-0.566555
7.41933
5.02278
3.43842
-24.0088
1.39464
3.58762
3.78326
3.2126
-0.813533
3.18531
1.52385
5.08582
4.22798
2.50788
7.90424
0.33315
5.21183
-2.69599
-4.62404
0.689698
3.34339
1.71879
2.81316
-2.52135
2.38742
3.2628
2.64447
3.08599
3.24197
2.66175
2.08469
2.87246
4.76929
4.39787
1.39613
3.86614
4.067
4.27347
2.70906
0.368029
9.9056
2.43076
2.86074
3.45324
1.31005
3.04629
8.22173
3.72803
3.44769
10.2773
4.57501
2.38207
1.51872
1.73125
3.70677
1.6292
4.54592
1.99059
2.09799
0.771198
5.9544
1.24902
3.80768
-1.61045
5.33333
2.88522
-6.70933
1.82902
3.61653
1.58077
6.60153
2.32007
3.49631
2.32655
2.5087
-1.42755
2.87361
4.79646
2.76089
8.12217
-9.83779
2.02876
4.79275
0.0114918
3.71536
7.12987
1.49059
4.80558
3.88219
3.80728
1.50451
4.26326
3.82805
1.86061
3.95851
1.60578
6.76514
2.47654
2.68756
22.8237
3.1468
2.37303
-0.481975
1.11442
3.22896
1.586
1.88787
2.76828
2.56654
0.983518
2.63387
2.21595
0.344873
2.05525
3.52487
3.23245
14.3232
1.84381
5.11956
8.48679
4.13473
2.75832
2.90791
7.86809
0.641582
3.52303
4.26777
1.93307
1.76102
2.55175
3.83344
2.44304
3.70902
1.97119
3.54245
5.35243
4.83353
2.47948
3.03636
1.74378
3.12112
2.79063
4.01867
2.97637
3.04869
2.25416
1.03845
2.25833
3.51243
3.01709
1.29468
3.51472
1.7083
4.45285
35.9101
3.45404
23.4238
5.4813
1.68535
4.513
-44.8726
-81.1845
2.11216
6.79987
2.21191
-1.80179
2.41707
-29.1801
-0.0902094
2.45614
2.65774
3.25095
-26.4969
5.31187
2.97904
0.36435
1.73483
3.40962
3.4812
-0.671722
4.5555
1.74523
2.98721
3.60522
3.14485
2.98328
111.961
1.26567
3.2037
4.2555
2.34562
2.91008
4.52145
3.87254
-11.3366
3.11365
3.87343
2.69717
4.17959
5.54929
2.04384
3.15805
-3.78433
6.06493
1.98185
3.62808
4.82838
1.0497
3.17314
0.0821931
3.73143
3.85529
2.75783
-1.21623
6.56317
3.01273
3.17696
-25.8898
5.97413
2.4694
1.55591
1.04932
-40.9893
10.7136
2.64428
3.59347
3.71848
3.05772
2.51653
-2.37725
2.72514
2.34266
0.456093
3.84832
1.80192
3.24062
3.5273
6.29695
3.24587
3.72471
2.62812
3.46365
3.62376
3.57811
2.9367
6.16744
2.15837
2.89388
4.01618
103.161
33.6203
3.10702
6.85473
2.9046
12.9143
-2.31872
2.253
3.18515
-15.0229
2.94327
2.65467
3.98717
-1.58207
3.89775
6.71993
3.28255
2.53629
-185.42
3.47925
-1.46748
2.71924
3.8204
2.44572
2.46998
9.32515
3.47517
-10.8874
-1.08084
3.56736
3.22191
1.9219
7.24293
1.32007
2.48663
1.6726
1.39891
2.91445
218.685
0.747387
6.41938
1.37315
3.17907
1.3955
-4.64389
2.77845
3.13597
3.89101
2.80398
1.08546
4.01781
1.63629
3.67147
2.85866
4.81279
2.04813
3.05301
5.39456
1.88831
5.13285
3.42274
0.774624
1.52661
9.98004
2.44075
3.29864
-2.61605
3.4846
1.97001
4.12597
2.76476
2.78964
2.94149
3.07829
-3.14734
3.5483
2.61584
2.5939
5.04963
4.64864
4.03235
3.12996
9.51016
-45.8825
3.6994
4.03956
2.04531
4.27995
2.3649
2.82812
2.66113
-0.751235
13.6487
4.7883
3.22622
2.43329
3.22445
2.19656
3.58099
3.69906
1.16748
-4.13856
11.9295
1.50681
18.3181
2.90826
3.22096
1.50022
2.09158
0.325925
3.05713
5.21519
4.51591
1.70144
4.78999
-4.58648
3.90469
9.38368
3.68231
0.12159
2.03393
3.62115
6.50556
2.49789
2.08965
2.8515
0.945285
2.50785
-29.7636
3.93987
3.89611
2.83849
2.19651
22.4975
2.39121
-12.2441
-11.7815
3.23991
3.20196
3.15532
3.09246
1.16443
2.91281
-5.4641
2.34184
3.05169
3.10163
3.99946
2.47202
18.4092
2.71096
4.31166
2.60651
3.63271
4.34152
11.2066
2.7096
11.8738
3.59404
13.4881
4.82877
2.8679
4.60929
2.73359
3.37018
6.38509
-53.6137
-9.85655
2.5434
5.32807
2.45654
2.27334
4.40423
1.19447
2.77341
-0.857094
-37.078
6.0825
54.4285
3.75289
-12.7962
6.02698
2.45469
5.2087
2.20091
2.88217
3.51484
3.60379
3.59021
4.1447
1.636
14.9245
2.3104
2.83964
3.7977
2.42556
5.74842
3.01408
3.12714
1.88525
2.60263
2.64472
3.04412
2.51776
-1.63045
3.17584
5.22953
1.61275
2.44615
3.90068
1.35787
4.47232
1.03566
4.15699
1.86556
9.32896
4.66568
2.80613
11.0519
2.37999
7.71859
0.851234
5.12121
1.88624
2.9493
3.73656
2.07301
62.5725
0.552817
0.76185
2.44533
3.96775
4.38365
6.27582
5.73085
5.29524
2.52877
-2.9425
2.46227
5.53545
-0.313232
3.50217
2.55308
-21.7819
5.02204
3.54669
5.73596
3.36427
3.42431
3.48407
2.41222
1.68391
3.35604
17.084
2.82007
2.42682
3.14641
3.35787
14.9956
0.210421
2.96053
3.90543
-0.730405
3.00125
3.7923
5.27819
4.44959
2.53491
3.34155
12.8364
0.896822
3.38122
-3.07306
2.35454
3.99438
3.16694
3.67739
3.59026
3.00875
4.54496
2.35099
3.55725
3.63012
1.86411
0.981361
12.4025
4.90287
3.40697
3.19459
2.51877
2.14537
1.47386
3.28783
2.29211
3.72802
3.72943
4.49652
3.2511
7.97741
1.0482
3.26874
2.59799
1.78492
3.03876
3.52838
3.72362
0.634607
3.85401
1.97989
0.633403
-17.6551
3.20761
3.1513
2.1226
2.54735
4.81089
1.60614
-50.8558
2.27688
3.48156
4.17359
2.13608
2.91653
2.75738
0.780503
14.2283
6.13335
5.47935
6.69792
3.15724
2.97052
-5.62146
-6.75678
0.631045
2.97047
4.43914
3.59562
3.94166
5.23304
1.32863
3.41136
4.40288
3.24512
3.5084
4.07321
4.27977
2.10624
3.85774
2.7034
-26.687
2.81737
15.1955
2.72993
0.812343
2.7279
3.54067
13.7598
3.52493
2.25865
3.37863
3.90177
-0.333029
6.43888
2.09321
5.42389
3.5266
2.75322
2.16291
5.4864
3.13227
-12.0647
3.69802
4.274
1.93855
-1.74972
3.25803
3.77234
0.846844
4.48392
2.25772
4.78091
-5.81821
1.54366
2.90195
192.057
2.83725
4.80077
2.22284
3.02869
2.25627
-1.15718
6.53214
5.95513
0.133171
20.895
4.10935
3.28712
3.58222
10.1503
3.18491
3.99242
24.8808
3.57117
3.28985
4.52503
1.27751
3.66067
3.50175
3.92976
3.38875
7.40997
7.33166
-14.812
3.9444
2.86338
5.70268
0.886283
3.57218
2.74688
2.13509
3.11998
3.74528
2.04418
1.63543
1.94286
-0.756004
2.7003
3.56184
3.72904
3.50947
3.93347
2.44842
0.936549
4.58599
2.70334
3.04209
-15.5694
36.9584
3.40387
0.866064
4.67693
2.62765
18.9079
21.9627
3.49144
1.50958
3.54913
7.37247
5.72429
2.63779
3.07677
0.111224
2.71155
9.75081
3.05845
-24.712
2.51744
2.35601
4.45604
-2.6003
2.73959
1.61653
3.69168
2.94765
-18.212
1.74356
0.322775
5.11057
9.09336
2.60111
4.19843
3.72978
2.6498
3.53974
3.34824
3.36909
6.04709
17.6877
-0.937774
3.56467
3.13539
3.07405
3.44296
5.00894
3.39819
2.65567
3.2649
2.17469
2.6184
2.45157
1.51722
-0.74101
2.6689
1.69642
5.65322
-9.78053
0.376213
4.03478
4.47979
3.58584
2.25587
7.64677
3.25451
4.93353
4.68894
3.34226
3.12356
2.36252
2.66602
3.83649
-19.0178
2.54908
-79.6106
2.62535
2.95933
1.50144
4.05793
1.91398
1.45378
2.34391
-1.16936
3.1446
4.73587
1.97869
3.44809
5.48462
3.90699
-1.02353
3.81715
7.56139
4.37966
-2.13516
3.534
7.80143
4.84924
3.42809
4.82537
18.601
2.46944
2.29249
4.25666
4.88195
4.1454
3.91063
3.36974
4.24861
6.63899
2.87148
5.01727
3.83331
3.31821
2.68138
0.26488
-4.21518
3.53622
-12.6241
2.97787
3.21742
3.08303
3.45405
2.43941
-2.87326
10.4785
1.50414
1.47751
1.56968
3.84335
2.77244
2.99118
2.79831
0.536011
3.25554
10.6062
3.89379
2.89754
3.10109
3.02663
-2.57399
2.50559
4.26096
-0.372589
5.46581
4.03495
-2.02184
3.63478
3.80973
49.8685
3.86045
5.3954
2.94133
2.03649
2.14734
2.8963
3.52033
1.86531
3.7631
0.915795
13.852
3.87776
7.47559
-1.24522
3.23641
0.94848
5.15383
6.40167
1.69387
3.53363
3.31185
2.9676
-2.23175
-1.20157
1.28552
7.23341
5.29636
6.24073
11.3635
2.29142
2.95954
4.78588
3.65937
3.01444
1.49667
4.26931
4.02246
2.36233
2.4062
2.40379
4.29268
2.32746
26.6547
4.4217
1.75587
3.43798
3.64018
2.80384
1.86954
1.79019
2.4827
4.15779
2.13571
2.62077
0.84665
-0.336824
3.40208
3.19866
7.11563
5.17732
2.88035
7.77702
4.36754
3.08173
3.48628
2.55533
16.9484
2.43493
3.02124
3.23529
-1.50706
3.39209
3.46973
2.2924
3.07779
2.95121
-10.7792
2.54738
1.63218
2.37155
3.21801
1.41973
3.43927
2.68771
1.90613
7.41085
-5.87395
4.2303
2.47117
4.69653
4.943
4.68403
4.62009
2.27262
2.30961
5.22069
2.90384
2.0554
-2.04598
2.10938
-3.78701
0.763502
-14.6981
1.631
3.1283
3.98193
3.3707
0.447863
0.999111
3.74051
6.03473
5.40183
4.12206
3.11082
2.77169
2.5546
3.75042
1.06593
4.19802
1.44819
6.09307
2.8037
0.711059
4.14033
-2.19941
3.03615
4.2211
3.75828
0.547802
2.96489
3.32014
1.81786
2.02894
5.86464
3.80073
1.52913
2.77873
2.50753
2.2428
1.31086
39.7911
1.31732
3.97416
2.54358
3.81765
5.44937
4.58109
3.40679
-1.58067
2.11197
3.05261
53.6492
2.7488
3.35543
3.42762
2.59219
2.79426
7.33055
1.75295
11.6906
6.26719
3.72113
3.17525
3.17795
3.24368
3.01772
4.3066
1.54065
66.8438
5.48653
18.4356
3.24813
2.08203
-47.4193
3.03937
3.35168
-2.53874
3.52874
4.06956
-154.174
6.02118
-0.72093
2.38757
2.18157
4.90494
-0.122451
4.83849
3.27498
3.36667
2.15274
1.06879
-1.01137
14.8359
4.64533
2.726
-0.15653
0.240716
1.27681
0.694533
12.674
2.1931
8.8964
5.91132
1.55583
4.66075
3.11815
-1.36959
2.21747
3.74809
4.70898
3.21646
3.99274
2.55437
5.97593
12.5872
5.20162
1.30027
3.33066
4.15085
3.63449
2.83829
-6.41089
1.79129
7.31983
0.733763
1.56417
3.78381
1.93117
3.33629
2.68822
2.93089
2.29232
5.02932
4.21143
3.33805
2.21214
3.70832
2.34241
2.72192
1.71419
1.25674
1.21396
4.04215
5.83029
-2.25651
7.07466
3.38757
2.67807
3.8416
3.10329
2.57533
9.99412
2.83181
-1.94843
5.43136
1.45969
6.16929
3.90836
2.68913
2.42858
2.41747
5.23072
3.09734
-1.44364
2.79163
4.34252
3.41098
0.671002
1.39374
-76.2526
2.57781
3.00154
3.35093
0.321358
1.65674
2.77967
1.54517
1.76718
3.15828
1.36221
2.92347
1.59209
3.22947
9.62557
4.8299
3.03492
2.53695
0.146859
5.07649
2.49324
-0.666414
2.75162
5.94412
0.758718
2.91096
2.91817
0.308323
-0.436115
0.606595
3.42269
1.25238
-6.19674
-1.92831
4.05301
3.76603
2.70967
3.51195
2.4722
1.74303
-0.00144484
4.20258
3.2235
2.53079
2.44173
6.04981
2.11876
2.45905
10.4521
5.39246
4.37417
1.8877
2.67812
-9.54426
2.12002
6.03237
3.08685
14.3957
3.0343
-3.31846
4.42066
3.81562
-3.04137
3.26961
-42.8327
-7.9122
1.00423
2.18509
1.765
3.1307
2.75223
4.64525
0.388189
3.59346
1.98249
3.3958
-1.14502
3.64732
8.07419
3.09404
4.69274
8.10923
5.75889
4.55958
2.38972
-2.45913
3.92875
3.10855
7.36131
3.5277
3.36839
3.78266
2.6015
2.35483
4.5913
15.0063
5.09642
-0.124205
2.7999
3.62642
9.8036
1.59483
6.33283
2.6181
2.85949
3.01978
-29.8606
1.43403
1.772
4.84165
2.55412
5.74273
-1.36501
-127.315
3.58867
0.242844
2.68191
2.22978
2.88327
-1.55447
3.33524
-17.5542
2.95496
3.43041
3.64464
0.23615
2.52111
1.87909
4.2442
10.6217
19.814
8.97821
3.95564
2.38697
13.4292
3.74998
7.63408
-18.1581
2.56096
-3.58919
11.4292
2.05843
5.19147
2.99041
-1.68525
1.88926
3.63229
3.99384
3.4425
3.57158
5.16202
1.78939
-4.74889
4.4665
1.05138
3.64879
-8.71078
3.29635
-14.6726
2.99601
6.94201
2.78309
3.5142
4.28592
2.96366
5.23915
82.3118
2.14017
2.80566
5.13644
4.38405
3.84363
18.2331
3.98298
3.85223
2.53651
4.65796
3.09466
3.89415
1.79299
4.11235
2.44767
2.86895
2.79907
4.33726
5.90335
1.34182
6.24872
-1.43755
3.70718
-0.425604
1.54534
4.21679
2.90914
3.77436
2.12311
3.28869
1.38566
3.71758
4.91303
6.82962
-0.32011
3.75693
3.50013
5.36936
3.28765
5.75789
2.68893
2.78581
3.96937
2.62322
4.79674
2.85896
6.73621
3.08108
-0.956158
2.43375
3.11717
-0.544824
4.45676
3.30331
-22.5153
5.20417
1.52273
2.84964
5.10696
3.43182
2.33547
2.20041
3.13902
-4.3216
2.84411
4.90249
3.19041
-2.77353
3.58277
-6.78499
3.61956
1.32905
-0.44522
3.89824
0.407634
5.10588
111.706
3.11582
3.01891
-2.95058
2.96635
6.21908
1.43061
-9.24467
1.94761
1.26335
-0.597566
4.12928
1.22624
3.16237
3.40641
5.12382
11.0178
3.4492
-4.27004
-68.5391
4.26004
1.73472
2.1634
3.89413
3.07725
5.13481
1.84202
-2.31267
3.79142
2.29149
6.68135
2.66953
3.70802
2.86555
3.38757
-7.30917
14.1751
2.61018
3.59826
3.09685
4.08492
3.6941
4.42383
3.26889
-2.38998
7.70189
1.17075
3.11062
2.72665
0.593368
3.86158
0.724197
-9.64402
-9.82859
4.12445
3.26415
2.5463
2.63046
-0.528556
-0.782763
2.3809
3.56733
2.24614
-0.766461
2.45315
4.63154
5.98129
-2.54071
3.55526
1.23201
9.27672
3.22302
3.12255
4.87502
5.3557
3.80107
3.83259
1.24018
-1.57944
0.724608
4.96317
6.95468
0.971708
8.51696
-47.1666
2.28652
2.48605
0.876343
2.15784
2.09595
3.43323
4.02463
2.30037
3.99739
2.52408
-1.06004
4.52009
-0.33616
3.69091
2.0746
2.26311
-4.70419
1.59366
3.96815
4.12231
2.55287
2.55053
3.1588
3.62122
3.98672
3.73176
-1.50213
53.2991
3.91551
1.78101
0.780139
4.73375
3.30624
2.63807
-1.82766
5.03225
1.06858
1.80833
-0.890063
3.34149
3.4807
2.81155
2.41665
4.65935
2.59878
2.87555
3.18538
5.88695
-0.494386
2.83406
3.70142
3.42635
2.16859
2.61273
5.4182
-2.5671
0.196998
2.72729
2.04283
2.96119
2.46987
2.75375
3.37738
5.26257
49.6862
3.09302
2.09664
4.15197
2.88848
2.24708
3.47231
3.33059
3.20107
3.28454
3.86896
3.10263
2.72977
-46.862
1.6485
2.29095
3.20495
3.55787
3.70186
3.95669
9.81221
4.13593
2.55376
3.58707
2.44769
3.14069
3.26803
-13.9767
3.8609
2.41715
2.50553
0.46656
3.56113
5.02549
3.85051
2.66999
3.09829
29.0641
1.92688
3.45565
0.34878
2.07489
3.56174
2.75296
3.46284
3.19005
3.6677
3.67881
4.50209
2.0396
2.84594
1.3915
-1.39376
8.56725
1.05366
1.82472
3.7103
-1.06072
2.51345
1.82034
4.785
2.94449
-2.50376
-4.54682
5.37442
-7.01331
-31.5919
2.7459
0.344344
2.63111
0.570829
1.40741
4.28847
1.98364
-0.470177
2.98814
2.65307
3.67097
8.77236
5.72653
1.42831
-0.132275
-0.40009
9.60118
2.90306
4.25526
2.80558
3.75181
5.19366
-4.04672
3.64164
2.56184
-11.0789
3.25913
3.54297
3.80937
3.13097
2.72292
2.973
3.00357
2.38099
2.4702
4.23345
3.50885
3.89369
4.14295
41.9407
3.70657
2.26434
-4.11815
5.50513
3.59578
7.69987
10.9535
2.47502
-0.587533
5.2426
3.46898
1.81738
5.64986
12.3611
3.4194
4.33388
4.36898
-2.88327
-4.09508
3.43716
2.82154
2.18419
-0.253944
2.00246
9.57129
6.25353
5.60565
2.27366
5.79086
4.04481
4.77215
2.33755
3.41094
3.79743
9.55298
1.69462
6.43451
1.5149
2.79184
7.79536
1.1608
2.91455
2.60124
-2.81444
117.309
2.46873
10.2742
2.41677
1.28532
4.41447
5.51511
0.555837
3.86911
11.916
7.6081
3.62267
2.79614
6.92176
1.5364
2.22635
2.15694
3.43235
4.08629
2.39712
3.09432
2.56201
4.61519
3.46105
3.45034
4.96018
2.32623
0.800158
2.65118
2.94161
3.23192
5.4984
3.15801
-0.497872
3.51031
3.14398
2.78443
3.17754
5.84948
6.48123
3.5551
4.18987
3.08755
4.15727
3.67969
4.41371
1.60768
2.68452
2.96174
3.33371
8.39227
2.83968
3.21996
-0.119691
2.74119
2.47829
53.7924
3.16152
2.72077
3.1962
2.13192
2.82015
3.86399
10.094
2.23279
2.39241
-5.77691
2.91172
3.42039
8.10502
1.94219
1.30712
3.77044
4.4133
1.34294
0.921591
2.12689
4.41197
3.96433
2.64446
6.73708
1.68098
4.34828
3.00916
2.44021
3.90692
8.03376
4.36948
0.225135
3.35628
5.95744
0.532258
3.58645
3.08072
3.40011
4.7626
2.38458
2.12516
-0.0387046
-5.27215
2.70315
3.00244
2.35641
-1.32288
5.73194
-0.0554788
3.99392
3.64869
2.40491
4.43732
2.38664
4.0585
3.91407
2.29759
11.6946
2.75372
3.63748
0.256717
8.51505
5.31103
4.78817
22.1316
-46.322
1.51897
3.00749
3.51632
3.85281
2.73673
2.54655
-7.81634
0.979297
0.393816
2.59019
6.74628
14.6779
1.62927
2.49034
2.21191
3.30546
13.008
2.6622
3.13851
2.77775
14.0107
3.34302
2.68493
3.60046
2.7079
4.14981
1.76541
0.702761
2.25977
2.72738
1.96369
2.28177
9.15902
6.95664
3.07806
3.73239
-1.4193
1.08504
1.19984
1.07563
3.07455
1.24466
4.61614
-1.57062
4.22043
2.51352
3.48701
2.40161
2.40095
1.69916
1.45207
2.89628
1.92481
-6.4544
1.73403
2.47375
3.07213
2.90382
2.90464
7.26516
2.84464
-13.6825
3.15129
2.41663
10.6415
-56.6524
3.10753
217.848
4.64795
-18.4661
-66.5704
5.10887
12.2081
2.31448
2.22759
2.58433
3.94944
3.53389
3.79919
3.46483
3.4106
3.14017
2.26021
2.09365
5.3397
2.62095
2.94239
2.70412
3.86942
8.36104
0.742123
7.05205
2.75698
1.74059
3.39259
4.21509
5.83529
57.5535
3.13847
3.07953
3.4901
3.20279
4.00918
3.16186
7.33182
5.58841
7.1476
4.33633
3.26838
2.08425
2.73932
-8.48702
3.81725
-0.503433
1.83181
1.36697
1.66336
3.10723
-1.29691
2.28969
2.60466
3.21911
5.06183
1.03284
2.81782
2.28004
3.96253
-1.52449
2.94449
-5.52246
3.20673
2.71836
3.99724
3.18866
2.20856
3.18897
3.03353
6.63152
3.34375
7.89096
-0.90558
3.4323
3.60647
3.07012
3.46859
2.36754
4.42885
3.95205
-0.425177
1.34527
2.30557
3.84574
1.18762
0.465852
2.51762
1.45455
3.31281
3.22508
4.1162
2.73862
3.55058
2.89979
2.31939
5.16546
-7.65411
6.4568
4.22963
2.90811
1.71147
3.2281
5.03278
-476.201
4.2975
1.73682
3.0619
2.4578
2.82443
2.75957
2.99724
18.1358
12.2099
4.08018
3.19184
-3.14388
2.84848
1.59967
1.84931
-0.535769
5.80386
2.81255
-0.0447366
2.58869
5.71055
3.33569
3.43176
-0.871585
3.05592
4.64809
-3.31801
-3.45594
3.48367
0.468856
4.78762
-6.74263
2.67788
2.85036
4.05306
3.09096
4.16149
1.83617
5.86251
1.7355
2.95195
0.739685
0.527624
-24.3694
1.24653
11.2664
5.55787
1.61444
3.38874
3.03103
3.91951
4.36388
3.66116
-2.17209
4.75517
2.26166
7.68733
0.448257
3.50822
5.24418
1.79795
3.54299
456.452
2.94908
5.37485
0.804511
-0.301735
3.12665
-0.0236013
0.964279
3.28136
3.08096
3.86345
3.91045
2.31255
3.10441
-69.1065
0.558666
3.41938
3.91409
-3.53431
2.98056
2.11644
2.28599
2.53394
3.3527
6.03206
5.39468
2.26612
3.50961
4.06792
3.50519
4.08009
3.41371
2.40858
0.587785
2.77326
1.26579
4.24878
4.36349
3.65762
1.46188
2.8871
4.18143
13.6907
3.12417
4.71768
4.60429
1.48436
1.74975
5.43876
2.01955
2.82
-1.40062
7.38427
1.29089
7.00228
3.08429
3.12849
2.97583
3.41725
7.49014
4.42007
2.39708
-2.35974
-1.09718
2.10062
2.2239
2.46633
3.87706
4.43005
1.68226
1.66474
7.1227
2.45249
1.72469
-4.86504
3.25671
2.79733
3.50609
3.30178
0.638754
2.96976
7.47316
2.63124
3.40208
3.37279
3.77873
1.58154
3.02082
1.61235
2.78936
3.60197
5.19952
4.71874
4.41668
2.60468
3.95009
1.8412
2.85758
3.20868
5.04508
3.03034
3.39535
-0.030846
3.20055
-112.919
3.55402
1.81981
1.06828
4.20208
4.81499
2.62681
7.59859
1.9999
3.68821
2.81457
5.22305
8.40984
0.117744
0.806985
-2.35713
5.4908
8.5837
4.11878
3.48955
3.55776
2.77571
7.3327
4.97698
4.14679
1.13195
1.05485
2.62039
4.43575
2.18258
3.36283
10.585
3.41343
2.35918
4.04638
3.52683
3.25771
24.7473
-3.55307
11.5956
2.88709
1.31542
0.360249
2.67274
2.28053
3.66308
2.41827
2.85629
5.72302
3.62823
3.77666
4.34826
4.21584
1.50042
1.87974
3.89603
2.70587
1.95067
3.08417
2.39471
4.86827
1.79357
2.96684
3.75942
3.22002
0.234178
5.60491
-0.818756
-10.0902
2.52434
5.58759
1.47295
3.78016
2.99713
1.18855
0.740388
6.57044
3.66269
3.75453
1.50323
2.85802
1.96145
3.90475
2.55586
-174.575
3.29742
2.98557
1.52555
-12.1212
2.87553
3.20634
3.39995
1.60106
3.33679
2.8065
1.94631
3.22105
3.50195
2.93215
1.24119
2.74761
-4.56544
9.89237
4.60409
3.77276
8.54713
1.48626
3.39877
6.03697
2.86853
2.70386
10.5339
1.84663
4.517
3.15117
2.08593
5.47411
2.27329
5.56686
3.4955
7.54588
2.61577
2.94803
2.24546
3.22755
-2.44824
1.83056
10.0003
2.26352
4.11922
2.00147
1.17539
0.612546
2.09541
2.91974
2.15092
2.39393
2.56077
3.28912
2.26209
2.52692
0.960142
6.56535
1.44926
3.52788
4.83767
2.81238
3.98883
5.41711
2.76609
3.99581
-1.56112
3.32421
3.57666
3.2099
-15.9886
-1544.09
8.9534
2.96937
2.45745
2.34098
3.53482
3.01812
2.19997
3.80291
11.1282
3.44802
2.26457
3.80141
3.13335
4.52091
3.34635
2.87155
4.50095
2.2737
-10.0183
2.02858
4.90223
2.88397
-1.83419
2.29375
3.25389
4.69508
3.54332
10.0968
3.49691
3.72302
-2.42547
3.21241
3.36459
2.08267
1.31638
2.66742
3.19474
2.96781
4.45487
2.7453
3.05415
5.49383
2.85245
3.27362
2.14424
7.10112
-8.6116
3.06137
-3.63183
3.93688
9.50952
4.07509
2.26727
3.60103
1.88282
-38.3569
3.30903
2.51119
2.37027
2.51669
2.13304
3.91076
3.46911
3.39846
3.21607
1.2611
3.60953
2.06458
-0.485351
2.24041
4.19486
4.60147
4.04213
3.43797
4.89735
3.35371
2.64701
2.97787
-36.1559
0.415555
-28.5082
1.28932
4.50079
1.13854
3.27212
2.85047
15.1138
4.43715
274.666
0.535587
6.32048
1.51136
2.57687
3.58792
3.66612
3.03205
3.60012
2.31603
4.10583
3.49962
-0.54531
2.41886
2.70667
4.36747
0.380722
2.87581
0.509821
10.0421
3.15114
4.66539
4.26477
1.58835
9.75787
1.21016
2.81761
3.27005
-2.85738
6.26833
4.36984
3.74739
1.18897
3.04499
1.82877
-0.463942
2.05494
3.47714
18.8306
4.55074
1.94015
5.78441
2.16537
4.52216
0.370443
2.66864
0.270445
3.91279
-4.61107
3.69031
3.97989
11.9667
5.30812
2.99797
0.446651
1.42087
1.62253
-78.7185
4.24551
0.943588
1.17099
2.30529
1.91079
4.94981
1.3587
2.85876
4.70896
4.52481
3.58215
4.05468
3.72966
0.0961155
0.776787
2.95004
1.84329
2.65746
2.99334
2.14709
1.33458
30.8936
3.29883
2.89902
3.17539
8.95692
2.81952
1.61473
5.98757
-0.161733
3.26191
8.89536
3.13561
3.24561
3.63067
3.46286
1.70052
2.01979
2.81146
2.36648
3.29383
3.88435
-6.2446
3.89086
2.60951
1.29627
4.3998
-8.56396
-0.302497
3.47276
12.1136
7.63884
-0.899334
3.36255
2.04502
1.98925
3.23212
0.456409
3.42562
6.68296
3.61801
3.80727
2.44249
3.59815
2.50318
4.59235
-9.26789
1.48798
3.20104
2.11865
12.0462
4.2382
-25.8594
7.97342
0.0675986
2.45533
2.0008
4.34364
2.21161
3.00196
0.852243
-2.71204
5.57903
2.18679
3.01505
2.41384
19.7077
4.07666
0.285317
3.60449
1.75411
2.78117
-0.442823
3.62994
2.93257
8.52075
2.93671
2.8865
3.47568
1.73657
3.96992
4.69424
2.54012
3.38548
2.49267
-6.79999
5.60683
3.81024
14.994
-5.30529
1.54667
2.29182
3.89542
2.68854
-2.24953
3.04265
6.95637
4.33815
2.68079
2.66974
0.975445
16.5659
2.73038
0.861941
1.31951
3.52161
3.33369
2.86039
-6.06668
-1.9591
2.92786
3.71688
3.40757
2.79069
3.25343
2.77592
3.00452
3.01294
6.76308
2.80647
4.38011
21.6383
3.34189
2.40458
3.78307
0.17165
1.09894
29.8163
5.56291
-1.99573
2.2725
-3.36154
8.89808
6.35522
3.67667
1.41848
3.21051
2.953
1.454
5.55345
3.83483
2.54145
3.1954
0.98185
2.87708
6.19739
2.34945
2.51609
3.48449
4.02185
6.63119
2.88384
-0.0104825
-4.60275
36.9342
3.86367
4.05467
-10.7943
3.51195
3.80638
8.08008
2.52739
2.04607
2.64721
-62.3924
2.37215
2.68594
5.9974
3.51989
2.54401
2.31454
0.0896365
-0.095951
2.62362
3.51734
2.91461
-5.16995
5.74429
1.37747
3.67641
3.60672
4.0262
3.72527
5.12563
2.32808
3.93527
-5.58189
2.56175
4.42722
3.31502
2.79409
2.65716
1.73449
-0.331425
3.091
3.38886
1.79441
3.50531
2.42446
3.40169
3.16173
39.7626
5.8034
3.57088
2.59072
2.69881
15.3091
9.55977
6.99148
0.824252
3.02163
2.85828
2.69732
2.46379
3.01952
2.60462
2.07192
-17.8493
2.89018
-66.6408
2.87448
2.72895
9.48916
-11.3304
3.38226
0.506423
0.508509
3.36278
2.54716
3.43193
1607.97
4.07074
-5.53651
4.07434
2.39273
2.59681
3.82634
4.55793
-3.87163
1.93426
5.50915
3.05074
13.5771
8.16564
3.16225
0.96572
3.33315
4.77382
6.9473
-7.58102
4.38768
0.396589
2.86254
0.615327
8.31968
-1.03869
3.79631
2.18839
-0.500056
3.20598
4.5566
1.3993
4.71922
1.82031
2.49961
8.84089
3.41187
1.28303
-0.260281
5.25013
3.2842
2.89846
2.84017
4.34025
4.46131
1.07011
2.87262
0.659073
2.03254
2.31367
3.08749
2.94074
0.141013
2.8952
0.632123
3.9841
4.16415
2.1388
1.95571
1.43258
-6.8014
-3.1467
3.26207
2.59794
1.43536
1.1382
6.54911
5.77143
62.6711
-0.616474
3.40769
2.17602
3.06496
2.68619
3.53123
1.52259
4.75091
1.96775
3.50457
4.32133
-7.67941
1.24833
0.56578
2.76465
3.60704
2.4498
6.12503
2.52738
2.54249
5.57239
2.14493
1.84566
4.55579
3.09696
3.18705
3.39457
1.13214
-85.5773
6.68098
1.72587
5.91307
3.084
2.90026
4.18329
-3.99979
3.64974
5.25331
3.50834
0.482242
5.24303
-0.21126
149.251
2.75441
6.42769
2.95784
3.37627
3.60974
2.94893
4.62976
1.41666
3.56492
3.40529
-8.45394
8.82484
2.99851
2.31006
0.363856
5.05843
2.31103
5.61605
4.90783
-17.09
3.12409
3.47081
1.94277
2.84654
4.50392
0.438048
4.50562
7.2292
2.69488
2.90064
2.31732
2.7011
4.78643
4.87539
2.86296
2.38377
4.20421
3.95464
0.0271075
-15.5353
4.05485
0.672269
2.40071
3.09671
2.85543
7.7342
6.38771
-65.6106
0.833831
2.24093
5.5591
0.159032
5.31538
8.05018
7.54378
-2.7709
1.42866
-1.8503
3.95266
2.5941
1.75249
3.17285
1.29195
3.28395
5.63545
3.17066
3.58534
3.77843
3.89278
2.6288
3.59218
0.38508
3.10208
21.0097
3.82425
3.56403
3.89044
-2.85331
44.32
2.91922
2.8429
0.565872
1.54316
1.80025
28.598
-0.225355
2.52887
0.947688
3.14739
5.28388
3.87529
3.13452
3.65173
5.413
3.13461
3.84493
-7.5173
1.73412
3.61883
3.54846
5.62151
0.837607
4.18563
2.58789
7.40284
2.33657
1.78766
3.28708
3.35871
3.72385
1.57024
4.66771
3.12494
-74.2689
0.911781
2.00567
-4.63741
9.49482
1.16852
0.629906
4.22381
2.60696
0.735047
2.90877
-0.171131
3.21405
3.626
13.4033
3.23242
3.77108
2.93435
1.05118
3.69711
5.72882
3.35041
10.0417
4.32971
18.342
3.86588
2.83492
2.54769
-9.37808
4.11814
3.24852
1.70167
10.6005
2.6527
2.98085
3.27307
3.71126
2.12255
1.41548
3.933
3.12758
1.6358
4.45475
0.866317
1.93859
2.5393
2.81379
10.4683
3.29154
2.82354
0.623149
1.4708
0.401133
6.63059
2.08527
2.31885
2.30051
-1.09974
5.2641
2.00769
2.98318
2.34656
0.248303
3.43376
2.63794
6.02199
6.02458
2.63109
2.09887
14.1775
-3.13718
4.97109
-7.60924
4.66238
3.47516
5.0297
-38.9378
5.14492
4.70812
2.77126
4.69024
3.43458
5.32883
2.5395
-540.781
3.64536
2.41894
-128.684
2.6873
3.93054
4.4777
3.68736
3.01193
33.0859
4.0223
-5.51367
2.6
4.3522
2.36726
3.77822
6.95688
2.74586
4.04098
4.50918
-1627.17
2.83574
-0.0697622
2.34641
2.8728
3.41663
3.5557
-21.3723
2.72191
3.02167
5.88354
3.32391
1.78476
4.47349
3.20314
2.50103
-2.93063
1.3785
3.63976
3.63087
2.87199
10.7673
11.0497
2.02887
2.31456
1.75328
4.2794
-4.52961
-9.14669
3.88697
0.856704
2.52787
5.22888
-0.217119
3.82713
-26.7368
3.28582
4.1962
1.28045
4.91225
3.97467
-1.26712
2.39164
14.2901
2.86581
4.57164
5.36977
17.9951
1.185
4.80688
3.67608
2.63811
2.2539
1.18319
3.48693
-1.87478
4.40651
9.7155
4.18762
2.24378
-9.43419
3.2
2.40506
0.196738
1.31487
3.3204
3.18106
7.59585
3.52089
2.5612
4.55351
4.6895
5.45747
2.59252
4.57654
3.19975
3.33243
3.2791
1.66599
2.71485
4.22134
4.53951
2.91394
-61.669
2.80855
2.31991
3.43795
2.69787
39.2009
-0.904526
2.9513
2.87096
3.36634
1.95601
-0.989763
3.04595
3.07415
7.26477
-1.75369
2.60928
34.5775
2.68144
2.88085
3.40919
3.15926
2.77044
10.7016
3.86093
3.4444
-0.214666
2.79938
2.85421
3.83267
0.714443
16.7984
3.99148
1.78587
1.63034
2.03892
2.73385
-0.51745
2.75393
0.535888
3.88414
-0.438022
2.69615
16.7645
5.72018
3.34527
3.67232
3.9002
2.9583
4.15909
3.49143
0.372594
18.244
-1.47991
3.04891
1.34699
2.32292
1.72293
1.78675
3.56974
0.6166
3.70763
3.65799
3.30042
0.690835
3.82539
2.08915
-0.665202
2.27946
2.27063
10.4018
1.73506
-0.918045
8.12407
1.15621
3.18307
3.04156
1.97647
4.17101
2.90091
2.76143
3.80444
1.65238
2.58512
2.69058
31.1313
6.77624
1.25908
4.85913
11.3071
3.05393
5.29599
1.6155
-1.1924
5.02049
3.16465
2.67994
-0.752942
2.71912
4.14529
-4.49036
-4.36673
-0.452275
5.74909
2.26181
3.20302
4.10947
2.16302
4.92332
3.22069
1.08389
4.02595
2.54018
3.80375
5.25868
2.89185
1.26867
3.3826
-19.0319
4.89225
3.61529
2.84353
-1.99088
12.7283
2.31395
1.44471
3.86418
3.25543
1.82685
2.0229
0.975326
-3.26333
8.98488
2.97777
4.92423
1.69977
2.98876
2.00346
5.32053
2.6368
4.42094
1.71791
4.43164
3.16459
-0.102997
2.84714
1.94547
7.23727
3.43348
2.4823
4.35211
4.09441
-0.34634
5.10393
2.23715
1.97671
3.5573
1.40504
-1180.5
4.43644
3.15925
1.30979
8.41746
5.08022
-8.19712
2.82009
10.8971
2.91656
-1.42074
2.31544
1.76818
3.65096
0.670555
3.35232
4.60927
13.2231
2.77347
6.96142
3.46553
6.89922
7.51368
4.50199
4.18225
-1.4717
2.59225
2.49429
5.42808
1.41685
2.38861
3.01993
3.04366
7.97711
3.75487
2.67365
6.57273
3.27798
1.78535
2.97503
4.84282
3.17535
0.510368
2.72556
6.85721
0.700342
4.96719
2.5069
3.46436
3.63292
1.71328
7.07371
4.00799
1.4683
24.2858
4.88217
2.21429
10.646
4.81672
0.859722
3.36359
3.4141
-0.063266
6.41624
2.80681
3.6177
3.71004
1.79819
3.93925
2.92955
2.77242
3.14274
2.91581
1.87443
2.44902
0.982009
1.92341
2.63791
4.67086
3.4325
2.73294
0.122794
0.957515
2.96354
-0.224567
3.35378
4.79418
2.10965
1.60674
3.46915
4.47622
1.94693
2.47227
2.70672
23.7738
-13.417
0.360988
2.72455
3.80691
1.04453
5.44495
0.868384
2.77534
3.47627
1.42009
3.08437
2.49587
3.81095
5.74785
1.70462
2.61132
3.72408
3.28893
2.52452
2.1223
2.01562
1.86534
2.83642
2.46586
3.04231
-41.6834
4.44776
3.27557
8.11282
6.69543
2.22449
1.78257
3.05001
3.10251
1.30392
5.28711
6.64113
-7.98209
1.64933
3.26837
-0.150643
2.31269
-1.75155
3.07527
6.09573
5.28188
3.77402
-71.803
2.93827
3.11473
7.36689
1.22716
4.18838
3.96509
1.33394
1.46069
-4.67707
2.49304
3.40068
2.45665
6.89137
0.35568
2.29826
6.9086
5.04016
2.89158
4.26349
-0.00495227
5.25833
6.42873
0.140015
2.68008
15.1972
4.4255
2.77631
1.88534
1.12544
4.46562
3.14157
1.22434
1.4503
2.7392
0.945532
4.97169
4.52323
-9.08079
7.97478
1.78439
3.31359
6.08614
1.54024
-44.6663
0.741593
3.63754
3.00824
2.28092
3.21718
2.02848
2.66568
2.49631
4.9968
2.07635
-12.0806
8.365
5.09656
3.67571
3.07154
3.28787
8.59674
5.03342
9.32017
1.5227
-15.6495
1.17654
2.61785
2.79368
3.05948
4.35849
3.73442
1.46974
2.16738
3.55748
3.23765
-0.27374
2.36541
2.30939
-2.90544
2.92429
0.732257
1.89539
0.748377
5.87741
3.03578
1.22161
5.93525
-4.89297
15.1964
2.75756
8.79853
3.43022
1.93025
-2.55095
3.59995
1.98929
16.9174
3.23019
-4.33529
2.78203
3.32013
2.76979
13.8338
3.76818
2.78365
3.60406
2.15736
2.99224
2.04593
3.65359
3.98802
4.93273
2.70707
4.49029
-0.0380423
6.58168
-5.26643
3.29271
3.50214
2.61344
3.34101
1.54814
2.59975
11.6839
1.9463
2.28092
4.21319
2.67375
3.66612
3.45613
2.08384
4.48678
2.74886
-17.3684
1.31691
3.63387
2.51764
-0.145404
2.09851
1.95953
3.65292
3.1638
5.42344
-0.416563
3.5362
1.56973
3.37866
2.17434
2.59194
2.15139
2.94466
2.69599
4.83745
-2.22024
13.8891
5.70459
2.15761
4.02022
2.54596
3.95077
2.37746
7.20044
2.7402
4.07025
-2.28223
1.99732
3.55
8.41872
4.84748
3.83986
2.96157
1.72005
7.39462
4.25986
2.94984
3.76437
0.15057
4.07641
3.6519
3.11351
5.20093
4.58257
2.44347
-4.74904
3.507
-3.07503
3.91692
9.69304
6.02143
4.62099
0.185396
3.48476
3.33468
1.42967
2.51326
1.0072
2.16922
-5.04664
2.57487
2.39879
3.05208
4.8878
5.81725
4.43123
1.87913
3.02188
-8.81075
1.45753
0.505455
-0.363631
4.05524
-0.341696
2.37544
-0.435467
2.92634
2.20801
2.03146
0.260226
11.0043
-218.234
1.40384
3.58223
4.04197
-2.28891
4.94901
-7.34583
2.66249
3.74279
2.93929
6.91573
-0.459872
-8.00663
-11.5724
3.21936
12.6038
3.32455
4.08119
1.65192
2.63468
3.80079
6.28593
3.43856
3.92629
3.47974
3.29085
5.55742
1.57792
3.41633
5.02026
13.4199
3.37125
3.53856
1.62689
1.585
2.84889
7.69352
0.433823
5.23866
-0.178171
6.37594
3.25059
1.88467
2.50441
2.27872
-70.9257
2.96939
4.24802
7.46092
2.40989
5.76592
2.25013
3.1156
4.45163
-16.9653
1.86758
4.1964
3.01543
5.16362
3.62852
2.11397
3.45855
6.33582
4.1266
2.17978
3.96149
3.3846
12.8941
3.66239
2.68632
5.07711
4.09465
3.3143
4.67456
-1.31562
-79.111
3.01769
7.37921
4.2661
3.14805
2.86375
4.32374
2.1832
0.162135
4.61183
1.36965
-5.30306
-1.1781
4.63664
2.39667
4.2533
19.928
1.96302
0.888736
2.73491
-5.82641
2.6301
1.21884
3.00178
4.49977
4.3081
6.25542
0.491445
3.88063
2.10344
3.34027
-14.6007
2.50291
2.95685
3.77685
3.74887
3.47864
3.66993
1.23059
126.226
140.805
1.46676
4.27367
2.09489
0.449764
5.58605
3.36418
16.6508
0.897694
2.32919
6.64462
4.10183
44.3461
3.05391
2.88455
2.54491
1.83196
2.80106
2.58764
-5.32098
2.61039
0.0710244
0.254401
3.42648
50.2921
2.18707
1.30785
2.80723
1.74624
2.86309
2.67236
4.18994
3.01526
3.94251
5.18059
2.30473
2.03123
-1.08972
3.06486
-0.319037
2.77566
3.85168
3.03025
2.83286
3.43508
3.25421
3.23498
4.2257
-3.53476
2.10305
3.09102
3.82011
10.0921
3.80076
-3.09588
3.80161
1.89949
1.42095
2.30515
2.75466
1.89206
2.55639
6.2071
3.91346
2.93607
4.30491
3.41201
3.83773
3.79568
-9.73321
3.29091
1.17067
3.88436
4.54795
4.26443
3.15135
4.46958
3.49274
4.4659
-12.1051
2.957
1.7777
3.08077
3.37222
-0.85293
3.22058
1.89924
2.63611
1.41479
-0.364739
2.64934
-61.0019
-0.973374
1.59046
3.79125
3.42082
2.69874
-1.91919
2.83289
3.28916
3.38425
3.04185
7.57382
5.38011
-2.80203
2.79916
3.15366
76.9867
3.80167
1.72749
3.11934
1.57861
3.97815
2.79871
3.07909
2.15355
-0.511194
1.17203
0.663956
5.4833
2.75561
2.20066
5.69873
3.09007
3.40861
2.0609
2.60123
0.906889
0.288452
3.14563
3.22886
3.79683
4.24429
2.601
5.66163
1.51803
1.48047
1.66324
2.95453
3.81563
2.39046
6.73231
-6.93939
9.0443
3.19684
2.18834
2.31622
2.14364
-1.3504
5.21689
2.53635
0.510231
2.67355
2.78886
1.32528
4.50628
4.77727
3.92023
3.15984
1.82551
5.02
6.59647
2.62294
2.9574
4.42502
3.3599
0.462372
1.29091
2.87296
3.38303
2.83834
3.68712
5.79372
3.84047
3.07615
3.5297
3.31652
2.74675
16.0183
1.97666
3.77893
3.09704
1.26154
0.77441
2.45912
-23.55
0.055913
-7.54835
5.63532
10.1428
1.97388
2.71583
4.30113
3.11293
2.16198
2.64363
2.52657
3.51326
1.29371
0.267791
3.62938
19.0026
-4.96609
5.9654
2.71385
3.18512
2.85328
1.08287
3.9379
70.2118
3.74111
0.174931
4.92526
4.02541
4.12225
1.00389
5.91613
-9.95492
2.66475
16.0547
3.95364
3.48266
4.64044
1.61135
4.89916
-1.52145
-1.75337
1.21195
4.39584
7.09936
2.76078
10.2289
1.07757
1.48174
3.06043
1.21637
0.7588
2.74927
6.38634
31.4152
2.1051
5.83373
3.2718
2.7117
4.6479
5.64473
3.85113
3.0685
2.47035
-1.44851
4.46674
3.98487
2.34971
0.709733
3.53636
2.75885
7.7541
3.46633
26.118
3.28734
-56.7993
3.18027
3.2245
9.69317
5.49704
2.33142
-4.88916
6.86977
-3.83914
8.57965
2.08996
1.57247
6.35031
-0.534631
3.10273
4.83065
3.27916
3.91964
1.63371
2.7809
2.97825
3.96153
1.2583
4.52786
-1.44376
3.08315
2.91437
3.66024
3.2975
3.33593
2.06885
12.7056
2.85732
2.38698
2.85063
3.36992
4.99188
-1.14249
1.60421
4.84137
2.63166
2.71423
-13.2281
3.27396
4.14485
-0.750131
2.02771
5.43073
3.04937
-46.8998
1.63458
2.39413
1.10908
2.56967
1.5404
2.97513
1.20565
4.8371
2.78132
4.1208
17.3459
6.29698
1.90011
1.63977
3.35209
4.39787
2.72006
7.47578
3.02456
-0.00780966
6.14324
2.65296
1.19166
2.03889
4.56405
3.25501
1.37712
2.74938
2.25951
3.26436
-2.31398
2.70044
3.91202
1.25649
2.25244
-0.822881
1.28393
4.39111
-0.649678
-0.693408
5.21309
0.116296
2.05102
-17.0687
-1.06536
3.1767
3.01884
3.85023
-3.07594
5.42843
2.26928
-3.35364
3.21624
2.13737
3.53032
300.824
3.64896
3.14199
2.47319
2.26508
1.22127
3.21135
-0.472967
3.03843
8.11347
2.74926
4.36049
1.78677
2.72023
3.98535
4.61151
2.32772
3.86428
2.08519
2.59953
2.83118
-2.31122
-3.45827
3.50471
3.19423
2.82406
1.26523
2.69003
3.17634
3.42875
4.02251
17.1296
3.53797
2.76283
3.57077
-1090.02
1.98333
2.98811
-1.45147
-7.51827
2.30613
0.727495
5.17135
5.17609
-0.644738
3.24229
17.9913
3.02047
3.47685
3.90781
2.80924
1.75198
5.32556
2.68477
3.01518
0.525248
2.28465
4.38222
2.30498
3.22175
-9.50056
2.56534
6.97161
3.28804
3.37554
2.10729
2.41546
4.59441
7.06663
2.44401
1.78574
3.95345
2.85952
4.69634
0.0654904
-4.7812
-15.4643
4.0233
5.00816
3.2563
1.84785
1.67999
59.0439
0.188639
4.49136
3.69244
1.97065
27.6092
2.85007
3.21999
6.18947
-0.759615
2.03863
-1.05901
4.55511
5.00778
9.22145
3.50417
-2.35647
4.43458
11.4544
2.86087
2.72599
1.23341
2.15416
3.70254
8.17699
6.05916
4.44964
2.78541
6.07594
2.92854
1.55503
3.30351
-201.54
4.25073
7.39519
5.23474
2.79172
7.10944
1.91894
28.6883
2.02919
5.57032
5.94629
3.04714
2.91966
3.27467
1.83578
1.86435
6.98419
2.99659
7.74428
3.91708
5.48756
3.77426
2.77328
2.77776
2.79052
2.37597
2.85968
1.96116
3.64738
4.4187
3.08336
3.77639
4.6327
3.52656
5.54857
4.1212
-1.42555
0.823512
-11.8063
-0.902659
1.73448
4.32557
3.92593
3.81393
4.92339
3.39363
3.96877
-0.167648
3.05824
0.237295
2.58026
3.53033
2.45741
2.77219
2.32552
3.42888
4.439
2.80914
2.02451
3.13458
-2.4754
-7.74325
8.32516
3.52307
3.80433
2.97868
4.23503
2.17577
3.41955
3.04612
7.83647
-0.266244
2.35983
6.43882
5.00475
-0.0300119
3.52143
2.57876
2.03764
1.13551
2.85766
3.05548
6.30679
4.52198
5.71516
6.84448
1.28745
3.1861
-1.43866
1.56662
1.74852
4.44099
4.69508
3.63637
3.67251
2.75985
2.78698
3.04376
1.9684
-14.1992
2.44192
-3.53072
3.80272
2.64962
1.7229
-0.553227
3.1764
6.13578
-0.105422
2.76619
0.710886
3.85031
2.50428
0.961696
2.85548
3.16308
7.99962
-573.723
6.5634
5.97127
2.86557
3.10932
4.66808
5.07865
4.52387
-3.11922
2.45245
1.95851
5.84459
4.48738
65.0652
3.32073
0.913861
3.03059
4.03113
4.19888
2.32319
3.2975
1.69762
7.15691
3.05067
0.176016
151.572
2.33867
2.622
3.8939
3.08748
3.36969
2.62716
0.971289
3.5309
2.70744
3.36322
2.0087
1.17717
5.94433
2.21294
2.73508
3.08567
3.17203
4.70523
1.59396
-0.343623
2.93204
2.07781
2.62132
2.54343
2.1577
4.15026
5.27399
5.11752
3.4103
5.65976
-0.65896
4.75969
3.39247
2.38405
18.9611
3.34782
6.33666
5.82292
3.58281
8.72246
3.24373
3.17008
2.79203
2.1799
2.55207
4.8115
4.02963
3.46117
3.90002
3.0095
2.71022
3.85792
2.5404
2.82214
-1.73418
1.93883
2.51069
3.81653
2.81685
3.81858
2.97979
2.10775
11.9571
3.09566
3.67575
0.675099
-0.705605
3.33944
2.37917
2.28571
3.58098
3.84135
1.1668
2.7726
3.23171
-5.02097
3.44349
3.42797
13.64
2.94079
2.96135
2.64927
3.82918
3.30223
1.48113
4.7293
2.29187
1.13106
3.28858
3.92738
11.1712
2.89326
4.24892
0.680357
6.21913
5.85625
2.28842
-4.32441
0.979173
2.74032
3.38343
1.96318
3.91581
23.5345
3.8177
-18.8695
2.16218
1.16594
2.94858
-7.07699
3.47017
6.46682
9.39527
10.0149
6.20855
5.41108
3.53265
3.03859
6.52968
4.9298
4.20362
3.57938
2.53327
2.68566
3.13326
3.2072
1.83019
0.788321
3.11552
1.7927
2.91886
3.22995
2.5735
4.92243
2.73652
1.12429
-1.32375
-24.4791
3.51595
3.64584
2.83554
3.67827
2.01874
2.69083
2.91057
2.5955
3.35515
4.24362
2.60637
3.62299
3.91657
0.522805
3.01487
3.44926
1.31057
2.77858
10.3073
2.74983
-5.29155
4.47627
3.07919
5.41131
4.05735
7.35055
-7.48688
3.42073
2.77874
1.38893
3.7464
0.0742322
2.14318
3.98227
8.23399
10.6285
12.0612
3.36777
0.00229069
2.5569
-0.0725853
3.78959
3.16662
2.89297
5.42021
1.34418
0.677784
2.62614
8.71746
5.32318
-4.02022
2.37157
5.40466
1.72919
2.7525
9.98754
0.835413
3.02158
41.0491
3.02847
3.4762
2.2641
0.25416
4.35917
4.76225
3.70258
1.77421
4.01051
5.09742
5.09563
4.197
10.5777
2.64026
9.78808
1.71695
2.79094
1.23887
0.135183
1.99882
5.58344
4.78783
0.46124
3.48777
3.24916
2.39009
1.90047
3.17643
2.43585
0.878058
2.59063
4.23287
-38.0092
4.40539
3.28503
0.00940539
-11.2943
2.64653
3.06654
1.27806
4.25278
3.78119
3.35801
1.57238
2.47513
3.98734
-16.8842
-1.38643
3.64079
6.57166
3.64033
3.28652
1.27553
2.26407
0.85482
3.88182
-15.9019
3.68283
3.70671
4.14111
3.14358
3.04793
3.44748
2.27573
3.15055
-3.71159
1.07648
-4.73364
3.05308
2.05854
3.53957
6.19074
1.80382
2.13437
6.11233
2.59324
3.9609
3.31036
3.077
7.36822
3.40464
6.17454
2.01604
2.43075
3.0365
6.31528
4.2271
-3.08986
3.69215
3.43894
0.412411
20.441
192.408
8.4956
2.91615
0.458048
7.96669
0.768023
-2.19062
-8.33051
24.9399
3.12953
-0.373648
1.53797
3.76142
-3.38832
3.85592
9.44493
2.06298
4.24943
3.737
3.41313
2.71195
3.47697
7.89619
7.37365
4.69569
2.45974
10.4627
-0.355982
3.00819
4.77193
13.8411
6.29608
4.13586
3.42046
2.43853
5.43384
29.8307
2.88365
27.8211
-5.23826
-10.2794
2.18151
4.60805
3.6781
4.51683
3.3049
2.60525
-0.00644043
4.4309
2.04571
2.81678
3.30308
-37.4031
5.45229
15.9098
2.21433
2.57734
2.93952
3.4135
2.46547
3.72829
3.67833
2.60426
-110.837
5.6195
4.15018
1.11397
3.82256
2.21613
4.79165
3.20112
94.6911
4.60134
2.07077
3.5207
-17.5418
5.49854
2.31253
4.20604
1.90072
-16.4175
-0.579618
11.9428
13.8324
6.14502
2.5486
2.39065
2.96633
3.65921
3.4247
3.43641
6.33724
2.31326
9.51108
2.21436
3.32653
0.551763
8.6644
3.58858
4.71665
0.372784
39.7969
2.79966
4.36999
3.4727
2.7411
2.33469
3.41156
1.89666
3.98692
3.84542
2.38723
1.66641
6.26499
-2.481
2.14824
2.92126
6.12262
2.82383
5.61399
4.97391
5.62696
2.60473
2.71088
2.77081
2.82102
-0.794595
1.82504
2.56983
2.32365
4.87247
-9.86603
3.02038
5.25914
-3.60496
2.19738
-2.51155
6.35958
7.38937
3.04849
4.94554
2.80845
0.687144
12.8736
2.42562
3.79014
6.32167
3.5666
-14.833
3.34082
2.24847
3.56928
79.333
3.48428
2.4489
1.97345
2.83856
3.96367
3.64047
0.405368
2.89185
4.10525
2.53646
2.66053
2.90301
3.55476
0.185509
0.962021
39.8187
4.24605
4.53925
4.03581
2.51642
1.66161
1.85382
0.529023
-19.7493
-1.70153
3.03343
4.01383
2.65612
2.87811
3.19213
5.50435
-1.01048
1.81564
2.61139
0.704812
1.11024
5.75427
-0.640476
9.88949
3.29118
8.21134
1.68928
-1.72003
2.48379
3.38589
4.39111
4.25979
2.99724
2.42403
3.40065
4.60908
2.96848
26.522
3.78824
3.15744
3.06856
3.5376
3.62709
-39.3579
2.50849
0.652563
-1.47507
5.59832
8.29197
3.42475
11.5986
26.0757
3.88586
-0.747057
2.61356
4.03955
1.36339
-0.557236
2.4268
21.3441
2.43061
3.27106
3.64835
0.718644
2.45856
-12.8977
4.25255
4.14737
6.4092
1.57706
5.04284
8.98801
4.89836
2.07972
3.38807
3.79325
2.97906
36.0246
2.78845
1.96484
3.4935
2.82864
0.809219
0.810476
3.57537
2.7293
1.79878
77.3346
2.40244
5.17506
2.74221
4.28236
0.6614
2.40531
2.27591
2.56852
2.40871
-0.98287
2.51945
1.7678
2.77903
3.15348
3.26883
4.19966
4.01325
-0.290535
0.157871
3.00834
5.15279
2.93634
5.77196
-0.450238
-1.00778
5.50378
2.68193
4.6771
3.18494
3.28749
3.92965
6.05211
4.33078
16.1077
3.74865
4.15708
3.95472
3.35403
3.06172
3.52753
2.80058
3.89892
0.750333
0.865843
3.52672
2.77692
3.05154
4.36314
5.44448
3.02991
2.03006
2.87652
1.81404
3.50864
2.54111
5.961
4.57693
6.19907
2.65321
-1.17506
4.49273
3.50532
10.0176
8.68929
2.76604
3.8787
6.88405
5.48439
2.88585
82.1772
3.20047
3.92323
3.68908
-3.04582
0.803386
3.036
28.6409
3.99978
10.9758
2.12864
4.77742
0.640445
4.80487
4.38927
10.9564
-35.3532
3.89916
3.88275
2.30955
3.2102
2.67532
4.46791
1.94164
3.86667
3.41652
3.17184
1.51879
2.82013
2.26446
4.28016
10.2615
2.91138
4.05972
3.18761
4.80463
2.78678
2.77952
3.95234
-1.45542
2.34216
5.28803
5.79284
2.5758
2.32554
1.94982
0.206652
3.43037
3.35462
2.341
7.42838
2.00659
2.71017
3.83803
2.58097
3.20209
4.29742
3.17185
21.2268
3.64123
4.04717
3.60068
-0.631417
3.0507
4.10178
-90.5828
4.19224
4.17675
3.83882
2.14811
8.65081
3.31113
3.75639
4.0751
2.61742
3.00896
-5.01784
12.1709
1.1405
1.22143
2.66564
3.15025
1.87748
2.42827
-5.24915
5.25138
2.33708
4.37818
2.66918
2.55884
2.67613
1.50366
4.56886
3.54268
2.90218
2.91208
2.86835
7.35179
1.97237
4.08707
12.3672
3.3457
-13.3653
3.10379
3.57419
3.33868
4.6159
3.79875
1.21306
3.88058
2.21663
3.83575
4.59712
6.05766
2.48663
1.50978
4.41314
3.25028
3.01261
3.21831
2.88568
4.01661
1.33974
1.96592
2.51269
7.24144
-2.61061
3.92548
4.88844
4.25349
2.77498
2.70285
4.35151
5.13776
3.20993
3.9543
34.5769
3.50578
3.42298
1.27172
-5.6937
1.24425
2.58742
1.55828
3.6982
17.1998
25.7892
3.43723
3.46228
3.72658
3.28661
2.14712
-7.43329
1.04861
2.42185
3.93498
3.40959
3.1763
3.97349
3.02984
3.15955
-4.687
4.19582
2.74166
2.84302
0.841248
3.34177
122.339
7.41813
1.9289
2.02183
7.14636
3.14129
-0.805874
2.46288
2.45524
2.32752
5.00835
2.2941
1.55072
-40.6104
5.53281
3.96325
1.70368
-3.3049
6.76073
2.02417
3.07758
1.9894
2.92552
3.52553
0.34708
6.29059
3.61974
-6.19379
0.872031
2.72283
3.68403
0.649291
2.66222
-0.115338
3.21895
3.30422
1.72537
2.99619
2.42469
2.09658
3.33403
4.80315
3.30442
4.71883
6.0777
-37.7345
0.132001
4.06281
3.09532
1.32516
8.16173
3.02951
3.19765
8.24272
142.285
3.40066
-40.9356
-0.69582
1.67353
2.97354
4.9244
3.78688
4.04694
2.89046
1.41883
5.93894
2.70441
-2.09931
3.67988
2.75751
2.06808
-6.00988
3.09882
8.62102
-21.4367
4.57331
2.48564
3.28207
-0.846653
2.81866
1.16111
3.11184
3.79672
7.98103
3.27774
-0.186829
2.74666
4.27584
6.51374
30.0919
2.67369
1.59265
4.7421
4.59806
3.86139
2.91296
8.29353
2.74944
4.29598
2.57721
4.06985
3.87233
3.84376
3.30288
5.85765
3.70014
3.40161
-5.20123
-5.51167
6.23523
2.76737
2.45376
3.19394
3.25657
5.82847
5.82916
2.23884
2.21598
3.93563
1.95895
0.395711
6.19926
3.85067
-0.138557
2.03268
1.7999
3.47403
3.12426
1.92126
6.82718
3.52734
-9.80789
5.75714
2.00344
3.80062
3.96655
2.69508
3.77712
4.36227
-8.35592
19.213
4.54768
3.92891
4.24217
2.79872
4.96371
2.14199
3.71762
-3.17038
3.40766
2.75446
3.93851
6.67842
6.19648
2.9624
0.863258
4.02465
3.2233
-5.91156
2.74018
3.34051
3.75538
2.84867
2.90677
9.84479
1.59108
3.22952
3.08954
0.73946
3.24084
1.28012
4.24956
3.30871
3.02386
2.86087
2.00577
2.27937
4.55533
2.16504
2.24598
0.844031
240.813
2.23423
2.94507
1.58813
-18.4494
3.72482
2.25596
5.08474
3.0813
0.244748
5.43745
10.081
3.43539
3.81714
24.4785
3.38632
2.8543
4.05249
1.31312
3.0572
3.01727
1.50406
6.14607
5.12489
1.90621
3.28649
-3.31892
12.9073
3.77802
5.12196
-1.17005
2.99491
1.89048
2.90683
27.0563
1.41716
0.884546
3.4661
3.19929
1.03467
1.53244
1.95575
1.12086
2.65636
-10.7563
3.31193
1.88032
3.84159
2.23551
1.95223
3.31926
-1.02402
2.1544
9.46206
0.978644
3.97422
1.86642
2.08779
2.39143
7.449
2.46045
5.93364
7.26242
-9.87414
-0.720685
2.78688
-48.5683
2.29721
3.9415
0.811636
5.46696
1.73853
1.52322
4.70143
2.13796
2.74384
1.18204
2.41041
3.06384
3.78297
2.82238
2.87205
3.10019
3.88818
2.70149
1.59425
2.96263
7.08476
3.76511
0.467471
2.61781
3.45868
11.1948
-7.59087
2.87566
2.54715
0.879393
0.750034
3.09761
2.10288
2.11447
3.21025
-428.453
2.48423
2.62542
2.92583
0.596569
3.08454
1.9157
3.79819
4.06624
-1.74125
3.22442
5.05917
0.868859
4.28524
3.33909
3.09661
3.23278
3.95381
-7.70435
3.07502
2.4228
3.61782
-0.202386
19.9181
2.80722
1.99464
3.36544
1.76724
5.07289
1.60356
2.58041
3.14577
2.42075
-1.94737
1.83149
3.01251
2.73524
1.69727
4.92788
3.01126
0.297856
4.17815
0.155484
-9.43476
2.11729
3.27526
2.86492
5.11063
3.46154
2.94707
26.1109
3.47411
-2.72138
4.89538
2.73459
2.30666
2.67302
2.4694
25.716
2.39125
3.85073
156.34
4.88729
2.50608
3.63258
2.44919
3.79796
4.5047
2.73182
2.52024
13.7029
4.26562
2.43029
4.63939
2.9967
2.76326
1.9879
4.0355
2.68508
-6.56189
5.41235
5.61651
1.78091
2.39119
2.95382
0.66735
3.32924
3.44491
2.90218
3.43042
3.25599
2.94733
3.08727
4.55978
2.41895
-3.35244
11.3818
3.58745
-6.83578
-1.50429
3.0648
-1.82773
2.88622
2.37235
4.58266
3.76634
4.43835
3.65984
1.98691
1.29926
7.94472
3.73936
1.93428
8.21178
4.14044
5.08309
1.8092
3.22204
1.66951
2.46009
2.60835
2.23358
12.3348
3.2127
3.30763
3.67531
4.49375
2.32712
5.39013
5.22056
4.16758
1.85837
3.51038
4.53158
-1.44722
4.62995
2.42888
11.0126
3.76761
2.97991
1.8674
3.02179
-0.564287
2.61297
3.74656
16.371
4.1709
3.02153
2.84993
-4.78652
3.15513
3.84612
3.64577
1.10035
2.21156
5.2674
3.12032
2.24715
4.51904
20.464
2.93719
3.50598
4.69494
2.67711
2.87334
-0.619347
7.19226
1.87632
2.83074
3.84457
5.44326
-1.06615
2.85303
2.95811
1.01462
3.87576
9.91419
77.5062
2.11836
8.42581
1.59645
6.67797
3.34099
3.26575
0.812935
3.38918
2.84678
3.918
3.60445
6.12424
2.70964
2.38583
4.0992
-49.5762
5.8243
-4.254
2.56568
2.42812
3.24713
6.39836
3.52788
2.37987
3.93027
2.07639
3.17322
3.93015
3.58625
-8.48063
3.11334
2.25871
1.07408
2.901
5.48513
3.45337
5.87161
2.34162
2.37767
0.769719
1.70019
2.32828
3.03332
2.77995
9.49422
53.4682
0.557008
2.35836
3.31223
3.00345
2.73216
2.67125
3.03757
4.74457
1.70004
5.52927
3.40817
0.650632
1.61513
2.3997
3.71159
5.82764
2.81881
2.56251
2.06471
0.119125
1.68717
1.3889
2.64413
2.79456
2.78163
1.5767
0.300426
2.44557
2.35327
3.64731
3.24154
3.78049
4.36002
2.11925
2.28756
5.29799
7.37708
2.18628
1.52106
3.89741
3.42295
7.87008
2.20943
1.89428
2.28672
7.32158
2.21249
1.33043
1.06917
-2.55435
3.29492
3.00434
2.64408
2.7281
2.8151
3.24314
2.01948
4.98644
2.55082
-1.37538
3.97906
3.74973
2.87861
3.538
2.06386
3.08035
2.99781
1.65302
-18.7166
2.47629
3.26659
1.38188
6.43041
0.127709
4.61601
2.82868
4.61008
3.46123
2.08779
-1.13146
0.0186608
-86.2083
3.50575
3.61108
3.55418
2.64291
3.62339
7.8858
2.541
4.02091
3.13332
2.06445
3.12924
2.33296
4.93243
3.23093
3.12563
1.43479
4.86249
-2.45222
5.52851
5.94195
1.87493
3.4822
2.82011
4.08291
10.4821
2.45315
0.489735
2.8529
1.93566
3.00066
3.40788
2.54002
7.40184
3.34591
0.471859
2.89712
9.00534
1.61658
3.00715
3.78123
1.63468
1.85615
2.28717
4.05502
4.4368
3.21579
2.98546
36.7592
4.76739
2.54771
10.6268
1.26227
4.32803
3.12392
3.35027
3.85297
3.82982
1.61109
5.82119
2.6189
5.88301
3.23627
2.2692
4.25316
3.09866
3.52903
6.47656
2.65856
2.03064
6.49939
1.08246
4.24174
2.59188
-7.39667
2.44234
3.14499
4.16457
3.50423
-6.06804
2.54806
0.691529
3.49734
5.22404
3.7707
0.48051
1.42514
-1.4698
33.898
3.02524
3.26451
3.58969
1.76168
3.02658
2.70689
4.29916
3.64273
6.451
4.53317
3.75676
2.11317
3.73044
2.34404
2.31773
5.78502
9.68391
3.724
3.21487
2.65797
4.87186
9.10335
2.16259
0.929158
2.89581
3.21056
1.34278
1.34872
4.53745
3.89652
4.23784
2.9257
3.0717
3.00255
6.04537
7.40777
4.09484
-1.62605
-0.222974
4.02274
4.02465
4.48934
3.05119
2.622
2.79622
3.50835
2.82219
8.16387
6.98257
3.25591
3.03076
2.51596
4.48647
3.59982
3.57044
0.861902
2.00213
4.4601
-132.613
2.96257
2.4194
0.464954
3.60098
4.34554
3.31665
1.18078
3.24846
4.0378
4.2938
3.90755
2.00763
4.40266
198.854
-12.8104
4.56242
92.7192
3.40105
6.40844
3.5874
2.96739
3.0769
3.96765
2.43247
-1.37461
20.8114
4.01905
-26.5082
2.87499
4.00627
2.30879
2.81128
2.81507
3.15325
5.61372
-16.6865
-3.53756
2.68497
2.26729
2.90424
5.94406
2.91907
0.0698257
2.96796
4.49556
15.2837
1.92538
-34.853
13.0608
2.65928
-1.98086
-0.298303
7.49508
2.13932
3.00416
35.5184
1.45599
3.89879
1.78461
3.01495
3.32575
8.67472
4.34699
4.16104
3.55309
5.32393
-20.9888
3.10019
3.44557
-5.78961
0.253114
5.7825
5.34728
-8.04239
18.791
4.75041
2.27334
3.65756
2.19469
1.27074
2.40823
4.95994
3.9222
2.58917
1.45915
5.13898
18.7012
2.6297
5.8671
4.7537
2.11892
3.5308
2.29492
20.4786
3.75951
3.133
26.0735
4.7832
3.87449
0.97895
-0.147661
61.8618
4.02984
-2.38362
3.12398
4.55257
-1.07162
0.922861
8.85336
1.7986
2.77463
1.08501
3.85231
-22.344
2.51062
2.90582
7.56109
8.58896
4.47163
3.60336
3.59658
3.09946
-1.76751
1.42433
1.71693
2.23898
2.64729
2.7314
1.99322
1.86556
1.86472
2.89782
86.1133
3.09787
2.82289
-11.2548
3.94823
2.80722
-3.99803
3.29646
2.98557
2.28106
3.6079
-19.5579
4.07179
4.81061
3.95006
3.22322
2.56387
4.57039
5.61458
3.19342
0.16285
2.58755
1.83577
4.82995
2.06666
2.37847
3.70805
5.86714
2.8203
3.69747
2.68968
9.33654
4.1967
2.64524
0.727175
1.07774
3.37664
-1.78191
3.72145
3.37268
7.53298
10.0563
4.99196
3.80208
2.05796
1.73242
1.49595
1.97636
2.92798
18.271
1.64235
3.91851
6.86754
4.61822
-4.95287
1.82878
5.7303
6.12367
4.99501
4.4751
2.27206
5.22747
2.98839
4.03559
3.7349
7.93885
4.15922
1.69999
3.12693
-4.53346
2.85947
2.13401
7.01638
2.4023
3.2452
1.54732
2.67225
9.05834
13.1833
4.21652
4.56968
3.14076
4.46962
2.41714
-0.0760026
3.29096
2.63343
2.90828
16.4031
1.95945
3.82497
3.65398
2.02501
-31.0422
3.92607
2.31365
4.09443
3.48863
1.41783
14.6153
3.97932
3.95989
30.6217
-0.428724
3.15074
3.43369
-13.8253
3.8338
4.08167
4.46115
2.45888
3.70438
5.21157
3.28589
4.52234
2.91126
1.80644
4.03136
2.5848
8.20666
3.30003
3.278
2.51777
5.23927
4.55014
1.17335
8.12253
3.15361
3.56422
-2836.86
2.85324
2.85959
3.18883
3.67369
-0.461002
2.32983
2.21296
1.68626
3.07483
3.37214
2.16343
3.09352
21.0268
2.91869
4.7061
2.44641
2.98372
5.72854
5.64511
3.44632
3.58993
4.70642
2.98731
2.85481
7.48787
3.06048
2.46756
4.15247
-5.08815
5.44242
4.18439
4.07164
-16.2935
3.60474
2.26725
6.52645
3.95395
3.40869
2.24986
4.01709
-2.14218
1.82258
-1.94982
4.8836
5.90788
2.95394
-2.85214
2.08168
2.96004
3.35012
2.33607
2.68413
3.20177
3.9826
2.72558
3.1927
10.3654
2.72725
1.58636
5.67765
3.40698
4.34124
1.26903
3.36844
1.75089
40.7974
4.65051
3.30214
2.70131
2.31677
7.86405
3.50706
3.04249
2.20903
1.22332
3.08498
4.22002
-0.274323
5.44703
-5.17004
-1.54737
3.7515
0.00796732
2.94615
3.89073
1.59705
-0.00444236
2.45499
5.71031
3.16883
2.30841
4.25863
2.64429
2.01704
3.35652
1.63312
3.05573
-4.12139
3.95078
8.82168
3.05329
5.08773
3.33502
2.81802
4.37068
3.21123
1.52021
2.79051
5.36791
15.3592
-1.72065
2.68148
3.05731
0.784732
0.300769
3.64154
3.78228
-3.1054
1.21872
0.451198
-12.7872
3.31374
1.01387
1.43692
3.314
3.56869
3.48576
3.17013
2.26123
1.78314
1.82225
2.53366
1.43316
-23.1734
4.45993
2.83782
4.72001
4.69079
5.06882
3.19771
1.7592
3.36459
4.01729
5.63745
3.20841
3.40804
3.0389
-0.387717
-0.5529
8.28158
3.51858
6.21161
4.02815
0.734618
-0.631444
5.63769
2.8126
3.51465
3.51582
5.46191
1.60235
3.79374
3.07748
4.49898
0.0805578
2.08948
3.13896
2.98322
2.35042
0.931688
2.743
0.10176
2.76593
-61.0823
5.72147
2.77942
7.32276
3.46162
12.9798
3.98532
2.64129
3.30765
2.8477
4.61824
1.41101
3.98648
0.89142
-47.8686
2.77519
2.86446
9.33691
3.95529
-0.591566
1.24495
0.17023
3.05431
3.82306
4.37047
6.6022
4.29659
2.59628
2.94463
-51.6013
3.09181
6.15982
3.2055
1.88864
5.95552
7.51221
2.75621
26.3926
-4.28163
3.75362
0.831772
2.72856
1.5203
65.3724
7.58086
1.05486
3.50701
3.68351
-1.50261
6.79461
3.51596
3.30995
4.89656
2.81213
5.01048
3.04966
5.42808
-3.60694
8.04483
-7.4056
3.58315
4.9069
3.47895
2.98079
1.62235
5.25572
2.77819
1.75709
0.331245
2.67419
6.15331
43.7269
2.34165
2.22864
1.53098
4.19025
4.30073
2.37858
0.408666
2.02512
-6.53396
0.850748
23.8629
1.97779
2.78429
2.77062
3.11696
3.32614
3.55889
2.1817
-1.94387
2.93932
3.3976
2.70517
3.65945
3.47227
3.35385
1.77235
3.9645
3.10525
6.24727
-69.2129
3.76875
0.332558
3.61925
2.71797
1.84415
3.22666
3.30414
1.51677
3.42086
2.21988
10.7562
3.22307
2.42732
1.18757
2.46823
3.00087
-2.31922
2.84965
3.03971
3.372
-0.204095
2.09231
7.7275
2.76166
2.75504
11.9681
4.0394
3.38536
2.03748
3.40505
2.30042
2.47016
96.0515
3.26238
3.73189
1.3166
5.354
4.57904
0.585981
10.8338
3.09554
2.30694
3.87698
3.91456
1.78569
2.51696
3.51667
2.47519
2.5845
6.0103
3.66873
2.78362
1.28209
1.84453
4.13741
4.58876
1.9636
2.40115
3.17892
2.61137
0.573836
1.37064
2.86587
3.49975
5.94687
-87.2235
5.20383
2.00915
2.89406
3.47056
5.29048
2.15564
-4.06582
2.37203
2.66029
8.47622
1.44259
3.45232
3.17293
2.25718
5.03091
2.23068
3.07102
3.06835
1.04785
2.38636
-1.0121
3.12175
2.1102
2.48687
3.94245
2.72577
1.20092
5.72945
3.07047
6.14877
2.43357
2.0037
3.52979
3.5171
2.4801
2.73419
-29.7445
2.53957
2.96559
13.9026
4.18875
3.05372
2.109
-3.95244
2.78226
2.51067
2.9765
6.44574
-4.87388
2.43391
2.40158
2.17735
0.524418
2.07991
2.89079
2.60043
7.29472
2.40754
3.43212
3.32394
0.913373
-0.345082
-37.2113
2.40908
3.11051
2.89716
3.7787
4.01344
2.00751
3.21917
-7.87279
3.33163
3.99239
-1.46132
5.8719
8.42373
2.87849
5.46516
2.57685
3.1893
-33.6215
3.15566
1.60121
-1.93812
2.47434
-3.81853
4.18176
8.47892
5.63067
-0.00549766
7.01345
3.03912
13.2692
3.23991
-0.696972
13.9439
4.89026
2.85187
0.0363641
3.89694
2.86886
2.37783
7.54476
2.33792
1.84265
4.22435
-0.683524
3.41348
4.47519
6.04453
2.64266
2.63357
2.82517
5.48498
2.68891
1.67653
3.13576
4.64264
1.98543
3.45805
30.8366
1.94475
0.567374
3.00787
2.08918
3.3449
3.7054
6.89393
3.53378
2.52675
3.16755
3.14983
0.455134
2.92144
2.37025
11.6865
4.98676
3.78359
0.261157
3.21255
2.65332
0.286603
1.91777
6.63898
3.20119
1.42376
4.4766
10.9643
2.51192
4.91222
1.29513
2.97393
5.4846
2.95725
2.86931
3.04472
3.2291
-16.5086
1.27725
9.16559
3.20687
-5.21385
2.38066
2.78229
3.41429
-4.70278
2.85727
0.721023
2.5397
0.682648
2.99529
1.8337
1.6809
2.97236
3.45664
2.09083
1.30058
4.5825
3.71828
2.21671
-0.406929
17.3629
1.79845
4.30886
2.28651
-9.42666
3.37716
-4.73111
2.85057
-5.41843
-23.715
3.23115
2.7982
2.40157
2.32875
9.70151
2.5819
2.47091
2.97886
-3.35331
3.59634
5.41593
2.73672
2.82162
1.81711
3.20264
4.84094
3.40382
2.99897
2.36248
-0.0566998
3.67542
5.10548
7.50887
3.43807
2.53213
1.27295
1.93366
10.6221
3.68749
2.28882
2.13242
3.63172
2.92872
-0.40681
3.75401
-1.43333
3.42512
3.69047
3.19169
4.26208
2.96272
3.41917
3.90544
2.90019
2.7838
5.32546
2.4263
2.64879
5.61942
3.01908
2.08999
2.11814
5.10954
-8.01493
2.57433
2.43905
2.27169
4.14288
13.1523
3.41769
4.87349
1.87503
4.53915
-1.69667
3.56157
7.7984
3.80428
2.89681
5.53306
3.24918
3.50281
3.57896
3.34292
2.93162
4.87921
4.73319
2.45526
-1.65131
5.02233
0.609495
3.10936
3.27525
3.01994
2.15703
1.55454
-38.4487
8.176
1.12247
1.59645
1.96953
2.27728
3.00141
2.61122
-28.3932
3.08688
4.24502
2.2281
3.12418
1.35042
15.5891
2.4103
2.07027
3.71165
3.98314
4.04247
-5.9778
0.476306
4.64544
2.73374
4.77696
2.804
2.83471
3.86066
4.03462
3.38093
3.96081
0.358869
2.44183
1.06329
11.6108
4.30059
1.42077
5.67818
-1.37661
3.06812
-0.0919908
2.81952
1.43385
1.98485
1.23645
0.875147
3.3092
2.75369
3.29961
3.53356
3.87715
2.10087
3.05398
3.74353
4.5111
3.96815
2.96535
3.11289
5.1187
3.22375
2.14207
3.42046
3.76294
2.02384
0.38195
1.79641
5.55463
-0.155415
2.84524
4.16431
1.39108
3.83117
3.92956
2.47915
0.553401
2.73517
1.82243
3.59292
2.73515
2.64383
1.93854
2.91354
3.81995
1.1888
0.022055
2.80111
3.08501
3.24329
2.57731
1.94382
3.97477
3.47367
3.76301
-4.29325
3.39687
2.82002
3.88973
4.05514
2.90961
68.8007
1.9556
4.15085
3.42614
3.61419
0.134304
2.95026
3.12695
3.57493
3.7422
2.43485
4.42064
3.1702
3.82397
3.40744
-3.49057
5.0446
1.37556
2.53981
4.00075
1.95812
1.6102
2.87866
2.73573
3.68039
2.80374
0.60094
2.93283
3.21783
7.15357
2.62574
7.95596
2.14594
2.07458
2.41329
3.81399
2.6826
3.18957
2.75257
3.80767
3.10832
3.04372
3.06869
1.77645
9.59594
1.88225
-3.8953
3.36267
4.52087
2.05674
1.92052
2.66292
3.55749
7.58168
3.86383
2.72401
3.23077
3.41318
2.82955
-0.539335
1.94318
1.28657
1.91975
2.4175
1.03224
1.04293
9.37195
3.35556
2.69918
7.39532
-1.68342
2.49138
3.49014
4.38241
2.97697
3.59677
2.36781
2.43276
2.90489
3.69512
1.24332
3.52913
-0.728292
12.0277
2.72144
2.03081
3.51576
-2.03918
2.6013
3.328
3.83367
2.86453
2.34982
2.5455
2.55385
4.22501
1.81288
-0.425975
0.22732
3.3637
8.12286
5.99498
4.53373
2.55696
4.56386
1.52609
1.92489
4.55708
2.6504
2.75739
0.939439
2.40292
2.09939
4.12857
3.99369
2.60123
2.7456
3.33655
-4.17242
2.24355
4.28092
3.85105
6.63955
2.41323
1.93687
5.23881
-3.95864
3.75483
6.91659
3.35808
3.84911
2.42788
2.40554
2.8202
5.38014
2.9696
6.14356
22.7577
-0.479181
3.60936
3.14538
-5.91246
11.5437
0.990583
2.03355
0.866574
3.01193
1.72215
1.65795
4.11184
3.56507
3.83152
3.40484
3.58648
3.38277
4.95695
1.90981
4.56092
13.4767
-3.20664
2.61308
3.24303
0.408192
3.8807
2.74481
2.5036
3.73996
3.2214
2.29308
2.28476
0.0456822
13.0895
4.19154
16.365
53.2718
3.9332
3.11492
1.09772
3.51266
2.20625
3.85678
-1.79486
3.42185
13.0068
3.36928
1.19594
3.6934
2.46593
2.3988
4.54379
2.51103
3.10769
4.53294
2.6478
3.08404
-31.3414
-1.15564
4.44478
3.44812
3.58283
1.99007
1.26379
1.89951
0.720498
-10.9322
2.10221
2.66752
3.08134
1.95923
2.89687
1.23633
3.59592
4.58018
-0.307938
2.88179
2.09182
2.62009
1.24553
1.73255
2.08191
1.57572
5.76846
7.97876
5.80707
2.31469
2.61563
0.605429
2.84809
4.17624
-6.55968
3.38472
6.37193
3.88891
3.09333
2.07553
6.58425
4.40005
6.42772
4.02786
0.819728
3.54617
0.24345
2.49201
-4.12617
1.72219
-6.23044
4.50426
2.24037
3.49197
3.02773
3.48189
1.91996
5.28809
4.36119
5.21101
0.730703
0.0477207
2.6016
3.23112
-0.390006
2.30998
-6.91185
0.532835
-1.27945
1.56566
2.02903
3.01988
3.45433
1.72832
2.91179
4.20921
2.25186
3.30102
2.26974
3.10214
2.84771
0.253442
3.14583
4.27571
2.23541
3.28308
10.9443
2.3768
2.10599
2.06808
3.54945
2.99667
4.44757
2.43358
2.98592
-0.984772
2.19747
3.09438
2.57893
1.57664
12.4984
6.20424
-6.33836
2.30866
-1.06171
1.95282
2.98716
2.83627
1.73302
3.8541
7.60473
4.04916
2.81624
2.71031
1.76396
11.5707
2.76161
3.00028
3.96137
1.67918
-2.87335
3.09268
5.73422
0.00182451
2.17187
1.84267
0.0860584
-51.0609
1.27569
1.86548
-2.24271
3.50685
3.10168
-3.49081
2.0398
2.20142
31.4414
2.80982
3.84668
3.02144
2.96211
6.28015
4.28462
3.09192
3.27762
2.8438
3.2879
-9.00181
2.6796
3.29621
3.02008
5.59559
2.85093
2.164
2.86325
2.78724
-83.1193
3.96236
-29.5521
23.9575
27.9492
-1.75481
2.89274
2.74312
3.87387
3.12668
4.57351
2.56217
1.98768
6.06857
0.96195
2.65074
3.05934
2.74571
2.76215
3.19235
2.60355
2.6244
4.06267
-0.957255
2.5009
-8.85073
3.86195
5.26676
-1.33571
3.31717
2.93571
1.89395
4.51517
3.81781
4.40451
3.17047
2.38671
3.30576
2.45373
-2.62626
1.22341
3.08925
5.70704
3.31507
3.46424
3.31074
5.23484
3.1544
2.73592
1.73849
4.03268
3.16981
3.09081
0.587633
3.13148
3.24374
15.734
1.31033
3.21908
1.27501
42.4824
7.87172
0.373644
3.39787
1.81461
2.75636
2.78148
2.38804
1.56703
2.61729
5.7031
2.55126
2.94969
3.42633
3.29384
3.72843
2.10067
-3.42388
4.33254
0.741213
2.79862
-1.44711
2.43224
-800.616
3.38361
5.25952
1.6585
7.11084
6.99695
-4.36675
1.47202
0.42721
3.4101
4.44339
4.30463
2.56366
3.83375
3.39126
9.25182
3.60795
-9.2396
1.73739
6.34403
1.70684
3.09087
5.06441
3.62896
2.8324
3.37014
2.40022
1.07651
0.719028
6.06838
4.11741
2.47586
-35.7776
1.11364
1.76512
4.18965
3.82625
2.86723
37.308
2.86579
2.99648
3.73096
2.45279
3.96814
-0.0396287
-0.387172
-4.03267
2.90505
9.11276
3.11794
2.52791
-11.9846
2.81219
1.88377
2.16474
0.171105
4.13078
1.70486
2.6306
4.36924
5.30559
3.4833
1.38551
2.06607
1.00151
-14.1417
5.68265
7.67343
3.48051
2.56715
3.19434
1.57338
6.72157
2.67609
3.54154
5.6867
2.55968
3.86364
2.6472
2.3197
1.6801
2.93555
12.7495
9.63347
89.1127
2.23346
2.56078
3.27315
3.55047
10.4048
3.95352
2.62011
6.76726
11.9932
2.41703
1.76034
2.38701
2.05604
31.2231
2.7692
45.0318
0.802148
3.30138
4.0761
2.88649
3.32261
-0.356203
28.0898
3.44052
10.579
3.82441
2.41877
2.9156
2.12567
3.02207
5.70965
0.749915
3.28452
-1.04777
-3.83132
4.86178
-1.27404
2.9339
2.3477
2.66383
-0.999956
2.87698
-1.12104
3.62121
2.30649
6.42652
0.587985
5.47113
2.49694
3.05538
1.25219
3.52605
2.08481
1.93622
1.42688
1.01287
2.63771
2.45409
2.94572
3.07513
3.04672
2.35353
6.19806
4.53571
2.56215
3.37627
-0.414595
1.77344
3.58567
3.32261
3.15634
3.66623
-1.03175
14.4431
1.52969
2.96872
3.16312
4.13653
3.26096
-3.2758
2.72743
5.26486
3.25714
3.41202
13.8423
4.99204
4.2567
3.9585
1.92789
1.30268
3.06338
1.51482
2.65347
1.90409
2.89499
2.0197
1.46367
8.23758
2.49796
-1.08135
11.6991
3.74687
1.59923
3.08795
2.70768
2.69707
4.9626
0.916278
2.30357
2.91945
1.66684
2.643
2.90452
-277.676
2.36368
3.38416
3.19007
3.17538
2.86716
2.97446
3.68695
3.07321
8.75488
1.44397
9.95989
2.32793
-348.008
3.24706
3.27015
11.993
4.56326
-0.217662
0.719811
-26.9043
11.006
3.0663
4.99746
2.48128
2.79937
-1.50134
1.1443
2.45435
25.1054
-4.84234
3.33351
-6.49538
2.02991
3.88308
7.06545
2.73266
3.49746
2.24637
2.03815
2.64935
0.529031
2.85527
2.11986
3.36168
3.08523
3.63072
3.23768
2.89279
-0.053442
-0.0430903
4.19713
3.75529
2.59365
-7.36831
-122.827
2.25612
2.10925
4.02196
3.69027
2.38159
4.31968
1.44361
2.29224
19.868
3.61916
8.98699
7.12408
2.44543
2.63033
2.49227
0.725777
1.28398
3.31684
-1.54147
2.96095
-0.153601
2.57625
1.51142
4.63323
3.77894
3.46064
3.33683
-2.86821
3.45966
5.9113
2.94209
2.12351
3.00643
0.835914
3.90953
3.37705
4.52941
1.99239
2.90347
1.45651
0.40927
3.33552
2.78709
2.84199
2.23249
2.68404
3.09991
3.26366
4.66982
3.36627
3.32701
4.04091
3.37271
9.35322
3.32652
3.48079
4.29577
5.04141
0.282462
2.65504
2.43839
4.0657
-2.50978
2.62123
4.04862
3.16106
3.50866
1.93327
-4.81046
1.19474
0.128655
8.28964
3.1151
3.10805
0.202227
3.31578
2.61362
3.10035
3.52318
2.34879
3.29421
4.45742
-2.44591
-4.50426
7.55242
3.36064
3.17572
3.7078
3.5909
2.102
1.78604
6.1294
2.62511
3.89104
4.3233
2.67059
1.1056
3.53452
2.2146
2.57685
-7.85563
3.12657
3.23317
3.32815
7.62009
3.50827
2.99752
35.9945
4.06997
2.92453
3.48672
5.5172
-10.7276
0.856464
2.40686
4.59015
6.13841
3.18405
2.07426
3.00894
8.23483
3.0656
2.865
2.49531
0.169848
3.36159
-1.08415
1.73864
4.3734
5.35804
3.62142
3.22616
1.45538
1.38271
146.454
-254.701
3.26946
2.85029
4.95095
1.88207
2.5178
5.21369
3.374
-3.26862
3.36662
10.8444
1.10772
3.54606
3.65909
4.91231
-1.22547
3.59967
2.22155
2.63578
7.54675
4.76138
3.34982
3.29846
3.09015
3.33009
2.97209
1.6988
1.49882
4.2756
2.74807
4.29969
1.47437
3.1204
3.17653
5.1221
3.067
2.96585
2.87642
3.48732
4.58302
1.96733
4.35732
2.39922
3.3774
3.59416
-1.63101
2.80077
1.70495
6.2376
3.64634
3.75468
3.84463
-5.08519
0.762094
2.81049
2.29967
3.9515
2.51858
2.18731
3.55748
2.6857
6.81745
4.05883
2.18573
1.34282
0.111923
3.91179
3.5496
1.67976
0.746001
4.23516
3.11206
7.53824
2.90114
2.97038
1.04872
5.20702
5.16082
2.41188
3.41062
4.02095
1.99508
2.0067
-1.32525
0.980939
4.30718
2.92903
4.22583
2.07536
2.85738
-6.5119
3.22781
3.4201
2.74864
2.6674
0.095081
3.69619
2.31267
5.33294
0.740521
10.6139
2.85121
2.28476
4.43439
-3.5187
6.55203
3.22406
-0.00559863
2.56544
2.67102
4.12186
-7.51771
0.837809
5.65489
3.24375
2.38654
2.61476
3.25936
2.67165
3.47573
4.2712
2.40875
0.626894
1.50739
2.26118
1.17266
4.70304
-0.00128125
1.90988
5.55752
2.7161
3.95828
2.78085
3.34071
3.39936
0.449567
2.80267
1.90061
2.82249
4.14557
3.13712
-0.089003
3.01344
-1.9173
3.39722
3.20852
4.18823
3.55295
1.52329
4.13418
6.3064
2.5281
312.817
3.11935
-2.11203
4.26494
-2.55728
2.42307
2.74344
14.6044
-2.018
1.88404
3.86009
3.8236
3.1185
4.33039
1.83923
10.6884
2.15906
1.88914
4.58472
-28.7392
12.2047
0.835648
1.01205
3.33008
2.79872
2.5485
1.7463
3.29845
-8.33711
3.37778
1.19248
-0.353481
1.60113
0.580062
11.9039
5.31987
6.29968
1.59677
4.1091
7.64594
3.31162
3.78005
3.83297
2.9139
3.56693
-25.418
3.55902
2.11084
3.08242
3.9127
3.03379
2.4009
2.32867
1.47273
3.24902
1.82455
2.21081
1.57013
1.3501
1.90929
4.59205
2.69244
-2.59714
10.1468
2.60157
-1.39301
-0.602069
2.71904
1.05162
3.82565
2.19589
3.42773
3.80774
-1.41956
3.3418
3.44498
-2.87661
3.37081
4.78772
4.43354
2.59382
2.66599
5.84479
3.09289
0.277028
1.94665
2.74315
4.71489
5.62446
1.95389
2.92622
2.52703
-9.26207
4.94064
2.34111
3.77435
4.52297
3.70446
33.0691
0.735733
3.8355
4.77829
2.46669
3.72873
2.31953
1.00442
-0.351459
2.51685
2.354
4.06408
3.53479
2.67343
3.81123
11.3723
3.23675
5.25698
2.64289
3.19037
3.34795
2.6861
2.04144
0.790326
-6.00856
1.60718
2.43115
4.32402
2.6732
4.77428
0.865972
-15.4943
2.78575
4.24489
5.59115
2.20951
23.5034
37.7361
-0.864674
3.96438
-2.51326
6.25738
-0.778868
3.61461
12.428
-0.0167952
3.30122
19.0433
2.00209
3.85507
1.53691
3.47979
83.3221
6.30931
4.52959
4.35532
2.49049
-3.18368
-12.9758
2.21073
2.00986
-12.8537
9.04055
-0.676028
9.43266
2.93486
2.37629
-6.57872
1.60221
2.69385
3.38422
3.85963
3.42814
3.00491
4.1334
3.98351
4.69384
1.95808
3.68033
35.1289
4.03172
4.59044
18.161
2.43282
-1.62564
2.52439
1.35259
-6.06374
10.1135
3.48681
5.95311
11.7612
4.86623
-11.7504
6.07912
2.05645
0.665003
-11.8437
3.41257
2.12347
4.22601
2.74391
3.8058
2.41324
3.90994
2.86525
3.02575
2.88415
0.353733
2.61419
4.49688
1.18994
2.3099
7.85867
7.87423
-53.2879
3.66256
-7.30701
3.85129
4.57078
4.47461
