#     GEN:  SHORTEST LENGTH: 
           0     10.4831
           1      9.9639
           2     9.50569
           3     9.36842
           4     9.00236
           5     8.65917
           6     8.27322
           7     7.70118
           8     7.46093
           9     7.43072
          10     7.21896
          11     6.69802
          12     6.57903
          13      6.2777
          14     6.19829
          15     5.77951
          16     5.67482
          17     5.55682
          18     5.35126
          19     5.22342
          20      5.3128
          21     5.11983
          22     5.00473
          23     4.91954
          24     5.13241
          25     4.96638
          26     4.56168
          27     4.27611
          28     4.36023
          29     4.31415
          30     4.41184
          31     4.43093
          32     4.33879
          33      4.4157
          34     4.19027
          35     4.09086
          36     3.90038
          37     3.83139
          38     3.83402
          39     3.82826
          40     3.78068
          41     3.46757
          42     3.25388
          43     3.15479
          44     3.18627
          45     2.99214
          46     2.95802
          47     2.94498
          48     2.91212
          49     2.81023
          50     2.97493
          51     3.02919
          52     3.08246
          53     2.95838
          54     2.77319
          55       2.532
          56     2.50019
          57     2.40845
          58     2.52855
          59     2.64763
          60     2.64884
          61     2.56287
          62     2.47662
          63     2.73732
          64     2.62932
          65     2.56187
          66     2.56779
          67      2.5569
          68     2.35742
          69     2.16628
          70     2.09579
          71     2.07262
          72      2.0638
          73     2.07665
          74     2.17378
          75     2.19264
          76     2.05223
          77     2.16842
          78     2.11373
          79     2.20189
          80     2.08471
          81     2.33777
          82      2.5282
          83     2.58484
          84      2.3775
          85     2.25393
          86     2.09163
          87     2.16666
          88     2.14301
          89     2.38534
          90     2.32968
          91     2.32023
          92       2.175
          93     2.35711
          94     2.23962
          95     2.02121
          96     1.98274
          97     2.01446
          98     2.05586
          99     2.11681
         100     1.95231
         101     2.04861
         102     2.00749
         103     1.94592
         104     1.96387
         105     1.92405
         106     2.22565
         107     1.97235
         108     1.90003
         109     2.03165
         110     2.09044
         111     2.07003
         112     1.84012
         113     1.84315
         114     1.79712
         115     1.68847
         116     1.62686
         117     1.69161
         118     1.54299
         119     1.58069
         120      1.7836
         121     1.73243
         122     1.85186
         123     1.88786
         124      1.7617
         125     1.65826
         126     1.85239
         127     1.99302
         128     1.64583
         129     1.66968
         130     1.70243
         131     1.79332
         132     1.77127
         133      1.7205
         134     1.67515
         135     1.55597
         136     1.53946
         137     1.53715
         138     1.43706
         139     1.38856
         140     1.37293
         141     1.51973
         142     1.63441
         143     1.62335
         144     1.49359
         145     1.33312
         146     1.37042
         147     1.37456
         148     1.56378
         149     1.70556
         150     1.70932
         151     1.59296
         152     1.75391
         153     1.88994
         154     1.63118
         155     1.61154
         156     1.54831
         157     1.40988
         158     1.23129
         159     1.27122
         160     1.28916
         161     1.31406
         162     1.28539
         163     1.39162
         164     1.47837
         165     1.37792
         166     1.32324
         167     1.35248
         168     1.36703
         169     1.34193
         170     1.43956
         171     1.42341
         172     1.42034
         173     1.46271
         174       1.519
         175      1.5845
         176     1.63497
         177     1.72506
         178     1.79455
         179     1.83538
         180     1.83694
         181     1.84125
         182      1.7212
         183     1.63834
         184      1.4701
         185     1.37769
         186     1.25151
         187     1.31054
         188     1.44115
         189     1.36405
         190     1.44916
         191     1.47402
         192     1.59292
         193     1.59111
         194     1.42873
         195     1.42937
         196     1.50389
         197      1.5296
         198     1.62227
         199     1.63399
         200      1.4622
         201     1.47111
         202     1.34606
         203      1.2897
         204     1.29352
         205     1.33148
         206     1.53741
         207     1.60982
         208     1.55351
         209     1.58818
         210     1.69865
         211     1.72811
         212     1.64504
         213     1.64885
         214     1.57487
         215     1.57453
         216     1.49492
         217     1.67477
         218     1.75197
         219     1.74144
         220     1.83695
         221     1.68146
         222     1.81997
         223     1.52526
         224     1.58639
         225     1.59322
         226     1.35584
         227     1.26496
         228     1.19091
         229     1.17106
         230     1.24812
         231     1.29369
         232     1.33495
         233     1.32575
         234     1.26354
         235     1.30157
         236     1.18792
         237     1.31962
         238     1.28337
         239     1.31264
         240      1.3886
         241     1.30494
         242     1.45426
         243     1.44172
         244     1.62175
         245     1.42084
         246      1.5147
         247     1.52245
         248     1.46739
         249     1.45014
         250     1.52799
         251     1.44952
         252     1.46495
         253     1.36251
         254      1.4187
         255     1.46613
         256     1.43637
         257     1.34649
         258     1.41376
         259     1.48305
         260     1.31956
         261     1.19932
         262     1.24109
         263     1.30614
         264     1.50738
         265     1.59317
         266     1.55182
         267     1.49952
         268     1.41262
         269     1.43893
         270      1.4463
         271     1.58904
         272     1.78926
         273     2.09252
         274     1.80416
         275     1.56136
         276     1.72898
         277     1.72526
         278     1.71743
         279     1.47781
         280     1.46392
         281     1.44048
         282     1.41853
         283      1.5042
         284     1.41644
         285     1.57691
         286      1.5631
         287     1.50183
         288     1.59055
         289      1.5465
         290     1.42774
         291     1.42395
         292     1.44328
         293     1.29648
         294     1.39315
         295      1.3179
         296     1.32383
         297     1.33542
         298     1.35203
         299     1.24998
         300     1.33207
         301      1.3526
         302     1.32002
         303     1.39316
         304     1.42992
         305     1.51394
         306     1.38374
         307     1.36894
         308     1.45134
         309     1.55714
         310     1.50446
         311     1.54325
         312     1.52305
         313     1.29633
         314     1.32327
         315     1.28594
         316     1.38229
         317     1.56742
         318     1.44099
         319     1.64114
         320     1.81348
         321     1.61817
         322     1.39751
         323     1.27426
         324     1.21687
         325     1.24698
         326     1.30103
         327     1.37234
         328     1.54487
         329     1.37006
         330     1.34082
         331     1.49362
         332     1.41237
         333     1.38705
         334     1.59764
         335      1.3875
         336     1.46769
         337     1.45636
         338     1.59626
         339     1.61429
         340     1.66677
         341     1.50262
         342      1.5774
         343     1.51868
         344     1.44563
         345     1.51273
         346     1.25242
         347     1.29961
         348     1.16997
         349      1.2393
         350     1.23818
         351     1.31235
         352     1.34657
         353     1.54357
         354     1.54246
         355     1.67753
         356     1.58352
         357     1.60545
         358     1.40406
         359     1.41341
         360     1.46034
         361     1.53808
         362     1.35276
         363     1.33305
         364     1.34756
         365     1.43863
         366     1.47907
         367     1.37958
         368     1.47306
         369     1.42308
         370     1.52666
         371     1.43874
         372     1.39511
         373     1.39343
         374      1.2575
         375     1.28385
         376     1.20336
         377     1.31494
         378     1.52435
         379     1.84137
         380     1.85834
         381     1.81854
         382     1.72047
         383     1.59572
         384     1.60374
         385     1.45558
         386     1.52882
         387      1.6217
         388     1.66514
         389     1.66971
         390      1.8139
         391     1.73712
         392     1.73971
         393     1.66732
         394     1.63754
         395     1.59318
         396      1.6905
         397     1.84324
         398      2.0109
         399     1.87622
         400     1.80971
         401     1.69681
         402     1.59914
         403     1.60413
         404     1.60144
         405     1.44458
         406     1.42292
         407     1.50358
         408     1.48324
         409     1.48264
         410     1.50054
         411     1.72157
         412     1.82941
         413     1.76494
         414      1.8051
         415     1.67013
         416     1.76333
         417     1.70222
         418     1.82404
         419     1.78804
         420     1.58493
         421     1.43869
         422     1.29076
         423      1.4545
         424     1.59182
         425     1.91887
         426     1.62531
         427     1.47379
         428     1.34775
         429     1.14175
         430     1.19904
         431      1.2656
         432     1.33066
         433     1.48937
         434     1.43861
         435     1.37357
         436     1.34215
         437     1.49311
         438     1.68556
         439     1.53426
         440     1.24872
         441     1.20698
         442     1.16968
         443     1.14577
         444     1.23939
         445     1.19546
         446     1.17701
         447     1.36911
         448     1.30019
         449     1.35548
         450     1.28742
         451     1.18683
         452     1.19171
         453     1.20996
         454     1.33336
         455     1.27609
         456     1.34553
         457     1.26269
         458     1.32522
         459     1.38758
         460     1.37191
         461     1.36181
         462     1.36708
         463     1.36434
         464     1.38592
         465       1.386
         466     1.45608
         467     1.31491
         468     1.40439
         469     1.52045
         470     1.59721
         471     1.51654
         472     1.59262
         473     1.27138
         474     1.45232
         475     1.48914
         476       1.543
         477     1.57718
         478     1.67248
         479     1.42714
         480      1.6066
         481     1.90616
         482     1.90533
         483     1.74946
         484     1.60095
         485     1.50198
         486      1.3728
         487     1.51344
         488     1.47108
         489     1.71068
         490     1.56551
         491     1.60202
         492     1.57264
         493     1.69208
         494     1.64104
         495     1.55212
         496     1.70633
         497     1.69151
         498     1.83621
         499     1.55065
         500     1.75372
         501     1.75773
         502     1.56002
         503     1.35412
         504     1.37776
         505     1.21823
         506     1.26957
         507     1.49163
         508     1.39466
         509     1.46127
         510     1.44152
         511     1.23506
         512     1.24777
         513     1.14796
         514     1.14548
         515      1.1842
         516     1.21698
         517     1.26428
         518      1.2842
         519     1.21515
         520     1.33231
         521     1.30138
         522     1.22407
         523     1.27491
         524     1.23282
         525     1.35435
         526     1.39408
         527     1.45871
         528      1.4172
         529     1.46769
         530       1.566
         531     1.44838
         532     1.52269
         533     1.68955
         534     1.55091
         535     1.53493
         536     1.39485
         537      1.4521
         538     1.40638
         539     1.21369
         540     1.24609
         541     1.19531
         542     1.04439
         543     1.04087
         544     1.04789
         545     1.09509
         546     1.11384
         547     1.17206
         548     1.16792
         549     1.29412
         550     1.30223
         551     1.32944
         552     1.41781
         553     1.41327
         554     1.24708
         555     1.26891
         556     1.26796
         557     1.21293
         558     1.30863
         559     1.42755
         560     1.44904
         561     1.46558
         562     1.43402
         563     1.43282
         564     1.30373
         565     1.22406
         566     1.20931
         567     1.18632
         568     1.28919
         569     1.32123
         570     1.26701
         571     1.28121
         572      1.2023
         573     1.10394
         574     1.16825
         575     1.33989
         576     1.42944
         577     1.36546
         578     1.35185
         579     1.16966
         580     1.13871
         581     1.25698
         582      1.4047
         583     1.37514
         584     1.31718
         585     1.28741
         586     1.20821
         587      1.1427
         588     1.30468
         589     1.41773
         590     1.44318
         591     1.41906
         592     1.33513
         593     1.34194
         594     1.30113
         595     1.40993
         596     1.31089
         597     1.23481
         598      1.3317
         599     1.26469
         600     1.43078
         601     1.42711
         602     1.47615
         603     1.49095
         604     1.61517
         605      1.2784
         606       1.414
         607     1.22053
         608     1.21805
         609     1.27705
         610     1.43832
         611     1.30655
         612     1.28693
         613     1.47295
         614     1.39286
         615      1.3185
         616     1.23487
         617     1.25437
         618     1.35541
         619     1.29514
         620     1.46947
         621     1.47438
         622     1.44575
         623     1.32037
         624     1.47375
         625     1.28479
         626     1.23802
         627     1.25337
         628     1.39994
         629     1.44619
         630     1.80521
         631     1.84548
         632     1.91318
         633     1.67988
         634     1.51578
         635     1.43181
         636     1.41084
         637     1.49434
         638     1.41334
         639     1.30337
         640     1.18905
         641       1.337
         642     1.46673
         643     1.32148
         644     1.37334
         645     1.41309
         646     1.50012
         647     1.50072
         648     1.26869
         649      1.2721
         650      1.3301
         651      1.4107
         652     1.29552
         653     1.17913
         654     1.18915
         655     1.31073
         656     1.33562
         657     1.29741
         658     1.35707
         659     1.29893
         660     1.34314
         661     1.39405
         662     1.45347
         663     1.41611
         664     1.47143
         665     1.60481
         666     1.57359
         667     1.44995
         668     1.40718
         669      1.3964
         670     1.54183
         671     1.36138
         672     1.33647
         673     1.28202
         674     1.26209
         675     1.30496
         676     1.36301
         677     1.34821
         678      1.5055
         679     1.46242
         680     1.41953
         681     1.43055
         682     1.38798
         683     1.48123
         684     1.39584
         685     1.37393
         686     1.41871
         687     1.57322
         688     1.53747
         689     1.45932
         690     1.59445
         691     1.36031
         692      1.3351
         693     1.32386
         694     1.45649
         695      1.4124
         696     1.52363
         697     1.65226
         698     1.44892
         699     1.23197
         700     1.34322
         701     1.38632
         702     1.51566
         703     1.33734
         704     1.18737
         705     1.16323
         706      1.0413
         707     1.13762
         708     1.15667
         709     1.19615
         710     1.30743
         711     1.45128
         712     1.43193
         713     1.40573
         714     1.44215
         715     1.42147
         716     1.54334
         717     1.54873
         718     1.50251
         719     1.49087
         720     1.49076
         721     1.57725
         722     1.58025
         723     1.54976
         724     1.30725
         725     1.35498
         726     1.11709
         727     1.37372
         728     1.51433
         729     1.48475
         730     1.50155
         731     1.37407
         732     1.56962
         733     1.61377
         734     1.86535
         735     1.93047
         736     1.71928
         737     1.78873
         738     1.52399
         739     1.62111
         740     1.52357
         741     1.67561
         742       1.932
         743     1.76272
         744     1.83405
         745     1.77359
         746     1.83029
         747     2.07009
         748     1.77658
         749     1.53707
         750     1.39267
         751     1.39929
         752     1.48876
         753     1.34806
         754     1.19221
         755     1.14871
         756     1.31483
         757     1.31239
         758     1.40049
         759     1.33988
         760     1.24922
         761     1.08107
         762     1.31406
         763     1.21712
         764     1.21223
         765      1.1142
         766     1.02571
         767     1.23208
         768     1.25957
         769     1.44703
         770     1.21078
         771     1.38509
         772     1.31245
         773     1.36002
         774     1.43693
         775     1.58413
         776     1.62661
         777     1.59761
         778     1.73013
         779     1.63022
         780     1.79267
         781     1.59319
         782     1.43354
         783     1.36126
         784     1.30212
         785     1.35982
         786     1.68236
         787     1.51398
         788     1.53482
         789     1.53138
         790     1.56201
         791     1.56134
         792      1.5859
         793     1.48042
         794     1.37599
         795       1.259
         796     1.23697
         797     1.33384
         798     1.37558
         799     1.30969
         800     1.34097
         801     1.42653
         802     1.42537
         803     1.46021
         804     1.31233
         805     1.33335
         806     1.40104
         807     1.28958
         808     1.28517
         809     1.17663
         810     1.32624
         811     1.37082
         812     1.35706
         813     1.40703
         814     1.38927
         815     1.34924
         816     1.37608
         817        1.31
         818     1.44522
         819     1.62578
         820     1.64556
         821     1.61739
         822     1.78992
         823     1.71576
         824     1.79885
         825     1.82837
         826     1.51377
         827     1.41158
         828     1.41495
         829     1.44727
         830     1.40368
         831      1.4459
         832      1.6626
         833      1.4998
         834     1.34362
         835     1.29384
         836      1.2411
         837      1.2165
         838     1.16352
         839     1.05411
         840     1.10259
         841     1.10648
         842     1.07719
         843     1.11656
         844     1.19468
         845     1.20072
         846     1.21868
         847     1.13873
         848     0.99326
         849     1.16984
         850     1.21926
         851     1.19583
         852     1.25333
         853     1.27732
         854     1.25963
         855     1.49952
         856     1.39564
         857     1.37934
         858     1.32736
         859     1.30618
         860     1.22153
         861     1.16372
         862     1.18638
         863     1.32245
         864     1.13257
         865     1.14497
         866     1.21083
         867     1.21324
         868     1.25559
         869     1.31025
         870     1.37379
         871     1.25682
         872     1.44644
         873      1.4626
         874     1.40261
         875     1.34255
         876     1.33862
         877     1.28731
         878     1.40092
         879     1.19152
         880     1.09317
         881     1.24759
         882     1.31823
         883     1.40482
         884        1.53
         885     1.44747
         886      1.4343
         887     1.48534
         888      1.5418
         889     1.52895
         890     1.39634
         891     1.53014
         892     1.53551
         893     1.62281
         894     1.45118
         895     1.39026
         896     1.30763
         897     1.14984
         898     1.26104
         899     1.25451
         900     1.55053
         901     1.50659
         902     1.68516
         903     1.71194
         904     1.81333
         905     1.68684
         906     1.52349
         907     1.35093
         908     1.38293
         909     1.41145
         910      1.3948
         911     1.64719
         912     1.51541
         913     1.54213
         914      1.6666
         915     1.73369
         916     1.54401
         917     1.53917
         918     1.25346
         919     1.36032
         920     1.16958
         921     1.08302
         922     1.11601
         923    0.975356
         924    0.913409
         925     1.09752
         926     1.14544
         927     1.15174
         928     1.17433
         929     1.09227
         930     1.13074
         931     1.27468
         932        1.22
         933     1.28108
         934     1.40977
         935     1.43127
         936     1.33174
         937      1.2609
         938     1.31023
         939     1.23466
         940     1.32191
         941     1.21849
         942     1.30668
         943     1.36526
         944     1.11215
         945     1.08354
         946     1.23509
         947     1.39221
         948     1.28287
         949     1.40641
         950     1.27121
         951     1.42041
         952     1.30676
         953     1.21448
         954     1.19922
         955     1.31133
         956     1.25199
         957     1.25795
         958     1.35994
         959      1.4468
         960     1.36354
         961     1.35347
         962     1.31811
         963     1.34979
         964     1.22491
         965     1.45584
         966     1.48361
         967     1.61371
         968     1.92101
         969     1.81185
         970     1.81797
         971      1.7572
         972     1.99016
         973     1.82822
         974     1.72552
         975     1.58809
         976     1.60897
         977     1.67889
         978     1.51764
         979     1.50053
         980     1.46446
         981     1.48661
         982      1.5507
         983     1.30715
         984     1.24459
         985     1.33458
         986     1.44848
         987     1.31647
         988     1.15688
         989     1.16858
         990     1.27979
         991     1.48041
         992     1.38501
         993     1.29432
         994     1.17191
         995     1.12277
         996     1.28695
         997     1.25994
         998         1.3
         999     1.17241
