         1.62609        -1.01734       -0.157544
        -2.17315        -0.30703        -1.02643
       -0.814083        -1.74086        -1.26418
       -0.627305        -1.33562         2.06777
        0.696491        0.948737       -0.490455
         1.11842       -0.339368       -0.138276
         -1.1716        0.795307        0.158297
        -2.67026       -0.076861        -0.52467
         1.42322         1.61368        0.718262
         1.96269         -2.8458       -0.776135
        -0.98539        0.479786        0.690655
        -1.21265       -0.816734       -0.153485
        -1.59473        0.825253        0.171669
       -0.197521       -0.327404      -0.0884093
       -0.923489         1.30504       -0.826329
         1.01326         1.01673        0.954903
        0.598833        -0.41154         2.20831
         0.59112         4.06266         2.17317
        -1.28941        -0.22708       -0.699105
        0.905823       -0.762372        -1.25216
       -0.034454         1.67024          1.8268
         0.10093       -0.117845        0.292501
        -1.60556        -0.56002        0.517474
       -0.206338         1.21656       -0.694083
      -0.0636048        -0.11128        -1.09509
        -1.70075       -0.666922        0.737198
        -1.36758        0.464891         -1.6509
       -0.571906       -0.550391       -0.116657
        -1.49644      -0.0338799         0.93664
        0.835114       -0.303612        0.356712
        -1.30877        0.122608        -1.65994
         3.26819       -0.288569       -0.398601
      -0.0123431        -1.98505        0.111662
         1.17932        0.641068         1.37825
         1.28895       -0.802831           2.028
        -1.45071        0.748531        0.905707
        -1.59733        0.265416      -0.0442239
        0.635709         0.15186        0.515977
        0.206662         2.12257       -0.739152
        0.496523       0.0483191       -0.684554
         1.66757        0.467691        -1.87365
        0.181365         2.31349       -0.954803
       0.0616226       -0.728895        -1.59037
         1.11889        0.857221       -0.657347
         1.87555        -1.53279       -0.260404
           1.587        0.970197         3.13365
        -1.15832        -1.03112        0.261702
         1.06371         1.13595       -0.520209
       0.0276916         1.40563         1.58312
        0.916654        0.992758         1.11772
        0.259536        0.526802      -0.0553614
        0.160227        -1.83824       0.0292563
         1.44389        -1.09284        0.825519
         1.31053       -0.688841       -0.408283
        -1.49382        0.718544       -0.372723
         2.12247       -0.258337        0.275343
       0.0875939        -1.01959       -0.206853
         1.88427        0.225313       -0.957474
       -0.242616       -0.364073       -0.980304
       -0.122324        -1.30922        0.174999
        -1.10478       -0.864691       0.0320159
        -1.15946        -1.06514       -0.645647
        0.368034         1.05197        -1.91121
        -1.47102        0.548262        -1.20038
        0.355268         1.97856         0.30773
         1.26822       -0.732557         1.79611
         1.38889        -1.13217        0.809623
       -0.068331         -1.0727         3.84044
        -1.24835         0.47271       -0.812288
        -1.01292        0.973233      -0.0877702
         1.00751       -0.387566        0.173445
        0.414493         1.49999         -0.9633
         2.29147        -1.14114         1.18445
         0.21264         2.20105        0.645668
       -0.738446         -1.9933        -1.12725
         0.22017        -1.28146        0.161241
       -0.334644        -1.22323        0.545378
       -0.998654       -0.688729       -0.446901
         4.29841        -1.23811        0.602938
        0.815925        -0.43462        -1.24901
        -1.15105       -0.425417       -0.218825
        0.966373        0.382118       -0.471046
        0.649774        -1.88977        -2.15024
       -0.511786       -0.791606       0.0463297
        -2.61966        0.715574        0.153885
         2.95194        -1.99268        -1.31448
         0.29851         1.42415        -3.66244
        -1.96891         2.50705        0.710545
        -1.23029       -0.916764       -0.793594
       -0.245995       -0.354795        0.278345
         1.36446       -0.570611       -0.178446
        -2.56309         1.34102          2.6531
        -1.63651         1.03487        -1.16625
        -1.79152        0.975506        0.691829
          1.3662        -0.02867       0.0508331
        -1.57527          1.2746         1.29734
         1.61691         1.23676        0.357639
        -1.03691         1.22218         2.17122
       -0.144173       0.0849507         1.18583
        -3.32211        0.957546        -0.74002
        -1.25962        -2.44467        0.907614
        0.551661        -1.31833        -2.40998
        0.216844       -0.787825       -0.469638
        0.938618        -1.21344        -1.15136
        0.674652         1.52719        0.579928
       -0.997059        -1.37862        0.510289
        0.274391        0.802308        -1.96467
       0.0556988        0.536538         0.60786
