#     GEN:  SHORTEST LENGTH: 
           0     3018.24
           1      2863.6
           2     2760.44
           3     2701.37
           4      2511.3
           5     2439.52
           6     2359.36
           7     2297.13
           8     2241.66
           9     2156.48
          10     2105.28
          11        2068
          12     1952.98
          13     1886.71
          14     1793.82
          15     1787.51
          16     1752.37
          17     1727.61
          18     1701.16
          19     1649.52
          20     1586.99
          21     1552.88
          22     1536.92
          23     1508.46
          24     1466.71
          25     1434.09
          26     1433.85
          27     1424.17
          28     1392.54
          29     1370.31
          30     1355.24
          31      1297.1
          32     1233.55
          33     1221.45
          34     1179.47
          35     1170.67
          36     1151.97
          37     1139.97
          38     1129.79
          39     1095.49
          40     1086.75
          41     1055.78
          42      1034.5
          43     1041.17
          44     1014.48
          45      999.76
          46     978.005
          47     944.662
          48     929.522
          49     908.552
          50     895.493
          51     893.646
          52     887.197
          53     848.665
          54     841.902
          55     818.011
          56     832.882
          57     828.623
          58     839.961
          59     827.795
          60     809.589
          61     804.185
          62     794.649
          63     797.774
          64     793.356
          65     769.503
          66     776.712
          67     775.025
          68     777.575
          69     763.681
          70     764.707
          71     766.839
          72     770.465
          73     767.992
          74     755.528
          75     746.251
          76     733.444
          77     755.459
          78     747.484
          79     754.061
          80     756.832
          81     760.591
          82      747.61
          83     750.404
          84     730.168
          85     733.121
          86     718.737
          87     721.287
          88     720.474
          89     697.963
          90     679.267
          91     691.729
          92     711.402
          93     680.802
          94     673.919
          95     680.044
          96      685.31
          97     697.385
          98     675.713
          99      683.26
         100     671.451
         101      674.26
         102     658.622
         103     649.123
         104     642.909
         105     636.914
         106     623.312
         107      617.32
         108     620.476
         109     605.971
         110     592.049
         111     611.926
         112     598.323
         113     610.261
         114     601.858
         115      605.01
         116     627.962
         117     628.209
         118     609.539
         119     607.033
         120     581.353
         121     582.332
         122     563.425
         123     545.997
         124     539.642
         125     559.878
         126     560.157
         127     573.598
         128     573.613
         129     572.942
         130     572.726
         131     586.608
         132     565.452
         133     554.518
         134     565.337
         135     561.672
         136     571.955
         137     545.692
         138     550.114
         139     555.907
         140     543.836
         141     525.376
         142     525.413
         143     521.707
         144     516.935
         145     512.142
         146     510.124
         147     514.116
         148     503.041
         149     484.708
         150     484.356
         151     467.951
         152     448.424
         153     450.269
         154     456.407
         155     451.874
         156     452.321
         157     459.999
         158     448.001
         159     430.779
         160     418.194
         161     422.361
         162     422.313
         163     418.352
         164     412.131
         165      403.71
         166     403.352
         167     401.556
         168     400.972
         169     400.548
         170     406.152
         171      402.11
         172      399.97
         173     387.341
         174     382.775
         175     393.454
         176     390.517
         177     393.329
         178     381.908
         179     376.616
         180      369.75
         181     376.907
         182     373.591
         183     378.566
         184     379.585
         185     376.227
         186     385.766
         187     388.135
         188      386.03
         189     370.642
         190     374.517
         191     368.689
         192     359.005
         193     370.542
         194     360.242
         195     347.833
         196     371.087
         197     370.763
         198     367.028
         199     369.892
         200     378.068
         201     353.359
         202     354.781
         203     355.769
         204     365.431
         205     364.397
         206     375.062
         207     361.076
         208     351.737
         209     344.503
         210     343.854
         211     339.827
         212     342.784
         213      342.79
         214     331.909
         215     328.108
         216     332.215
         217      334.75
         218     331.619
         219     331.049
         220     329.745
         221     314.351
         222     313.224
         223     314.655
         224     317.561
         225     318.232
         226     321.886
         227     313.872
         228     304.493
         229     296.453
         230      292.15
         231     289.557
         232     294.007
         233     295.615
         234      290.34
         235     291.096
         236     294.031
         237     287.696
         238     284.364
         239     277.931
         240     277.229
         241     279.382
         242     279.571
         243     273.921
         244     276.854
         245      276.99
         246     285.847
         247     280.441
         248     289.795
         249     290.477
         250      301.03
         251     306.466
         252     313.654
         253     299.585
         254      294.93
         255     291.901
         256     280.126
         257     275.441
         258     260.578
         259     256.982
         260     264.861
         261     259.443
         262     264.749
         263     281.906
         264     285.882
         265     288.322
         266     273.148
         267     278.587
         268     282.433
         269     273.379
         270     282.788
         271     281.366
         272     270.445
         273     265.168
         274      266.45
         275     266.345
         276     264.951
         277     278.478
         278     257.837
         279     261.918
         280     268.207
         281     273.131
         282     258.825
         283     271.106
         284     266.124
         285     270.733
         286     276.474
         287     267.726
         288     267.252
         289     260.589
         290     277.734
         291     275.843
         292     267.952
         293     271.046
         294      269.82
         295     274.262
         296     274.222
         297     268.011
         298     261.399
         299     261.861
         300     244.414
         301     247.526
         302     247.793
         303     247.436
         304     248.269
         305     251.432
         306     252.783
         307     252.871
         308     260.435
         309     252.021
         310     246.289
         311     235.181
         312     235.309
         313     236.832
         314     227.603
         315     237.591
         316     243.297
         317     255.905
         318     250.209
         319      247.09
         320     252.618
         321     265.514
         322     247.497
         323     243.488
         324     245.393
         325     248.855
         326     250.714
         327      254.41
         328      253.73
         329     260.235
         330     261.538
         331     254.996
         332     253.186
         333     237.367
         334     245.564
         335     249.532
         336     242.794
         337     244.663
         338     254.683
         339     240.319
         340     238.307
         341     238.657
         342      239.01
         343     241.657
         344     243.374
         345     242.642
         346     243.311
         347      254.43
         348     251.407
         349     246.693
         350     266.077
         351     268.995
         352     257.994
         353     249.358
         354     243.586
         355     247.491
         356     247.238
         357     248.913
         358     241.278
         359     239.885
         360     235.099
         361         235
         362     240.901
         363     250.038
         364     252.286
         365     250.384
         366     233.098
         367     234.642
         368     232.767
         369     230.523
         370     228.977
         371     223.987
         372     224.763
         373     218.895
         374     212.887
         375     214.986
         376     210.768
         377     207.033
         378     207.096
         379     208.412
         380     211.447
         381     214.976
         382     219.256
         383     223.417
         384     219.955
         385     218.728
         386     221.453
         387     230.427
         388     224.467
         389     221.483
         390     219.134
         391     220.531
         392     211.189
         393     224.427
         394     233.483
         395     235.176
         396     227.558
         397     236.265
         398     240.341
         399      239.27
         400     229.127
         401     230.408
         402     253.734
         403     241.409
         404     242.439
         405     244.523
         406     237.315
         407     222.716
         408     195.939
         409     196.059
         410     198.496
         411     194.429
         412     204.009
         413     210.898
         414     215.086
         415     203.591
         416     212.587
         417     233.516
         418     228.479
         419     217.056
         420     213.587
         421     214.946
         422     212.063
         423      232.35
         424     225.501
         425     236.311
         426     229.208
         427     228.408
         428     228.096
         429     211.175
         430     207.215
         431     215.746
         432     204.851
         433     190.635
         434     191.585
         435     197.224
         436     202.639
         437     203.108
         438     198.406
         439     196.951
         440      188.51
         441      186.81
         442     192.928
         443     203.547
         444     196.746
         445     187.613
         446     190.506
         447     195.865
         448      197.87
         449     202.404
         450     194.463
         451     189.417
         452       188.2
         453     176.575
         454     199.256
         455     177.756
         456     181.574
         457     190.482
         458     194.362
         459     193.343
         460     190.068
         461     203.228
         462     205.466
         463     220.846
         464     221.178
         465     210.621
         466      217.02
         467     214.379
         468      214.61
         469     219.031
         470     216.166
         471     205.305
         472     208.173
         473      207.04
         474     199.248
         475     184.545
         476     175.809
         477     194.812
         478     191.607
         479     210.067
         480     210.738
         481     196.333
         482     198.452
         483     190.802
         484     202.153
         485     202.724
         486     184.968
         487     181.954
         488     180.286
         489     180.519
         490     190.984
         491      190.65
         492      201.97
         493     190.495
         494     185.174
         495     190.218
         496     176.596
         497     177.843
         498     176.119
         499     178.891
