1
14
2
33
18
29
9
24
28
31
30
7
15
26
34
10
19
27
23
22
20
17
13
25
4
16
6
12
3
32
5
21
8
11
1
14
2
33
18
29
9
24
28
31
30
7
15
26
34
10
19
27
23
22
20
17
13
25
4
16
6
12
3
32
5
21
8
11
1
28
31
13
30
21
27
2
25
11
14
15
12
23
9
22
4
5
10
6
29
17
33
19
26
7
24
16
8
20
34
32
3
18
1
28
31
13
30
21
27
2
25
11
14
15
12
23
9
22
4
5
10
6
29
17
33
19
26
7
24
16
8
20
34
32
3
18
1
28
31
13
30
21
27
2
25
11
14
15
12
23
9
22
4
5
10
6
29
17
33
19
26
7
24
16
8
20
34
32
3
18
1
28
31
13
30
21
27
2
25
11
14
15
12
23
9
22
4
5
10
6
29
17
33
19
26
7
24
16
8
20
34
32
3
18
1
28
31
13
30
21
27
2
25
11
14
15
12
23
9
22
4
5
10
6
29
17
33
19
26
7
24
16
8
20
34
32
3
18
1
28
31
13
30
21
27
2
25
11
14
15
12
23
9
22
4
5
10
6
29
17
33
19
26
7
24
16
8
20
34
32
3
18
1
28
31
13
30
21
27
2
25
11
14
15
12
23
9
22
4
5
10
6
29
17
33
19
26
7
24
16
8
20
34
32
3
18
1
28
31
13
30
21
27
2
25
11
14
15
12
23
9
22
4
5
10
6
29
17
33
19
26
7
24
16
8
20
34
32
3
18
1
28
31
13
30
21
27
2
25
11
14
15
12
23
9
22
4
5
10
6
29
17
33
19
26
7
24
16
8
20
34
32
3
18
1
28
31
13
30
21
27
2
25
11
14
15
12
23
9
22
4
5
10
6
29
17
33
19
26
7
24
16
8
20
34
32
3
18
1
28
31
13
30
21
27
2
25
11
14
15
12
23
9
22
4
5
10
6
29
17
33
19
26
7
24
16
8
20
34
32
3
18
1
28
31
13
30
21
27
2
25
11
14
15
12
23
9
22
4
5
10
6
29
17
33
19
26
7
24
16
8
20
34
32
3
18
1
28
31
13
30
21
27
2
25
11
14
15
12
23
9
22
4
5
10
6
29
17
33
19
26
7
24
16
8
20
34
32
3
18
1
28
31
13
30
21
27
2
25
11
14
15
12
23
9
22
4
5
10
6
29
17
33
19
26
7
24
16
8
20
34
32
3
18
1
28
31
13
30
21
27
2
25
11
14
15
12
23
9
22
4
5
10
6
29
17
33
19
26
7
24
16
8
20
34
32
3
18
1
28
31
13
30
21
27
2
25
11
14
15
12
23
9
22
4
5
10
6
29
17
33
19
26
7
24
16
8
20
34
32
3
18
1
28
31
13
30
21
27
2
25
11
14
15
12
23
9
22
4
5
10
6
29
17
33
19
26
7
24
16
8
20
34
32
3
18
1
28
31
13
30
21
27
2
25
11
14
15
12
23
9
22
4
5
10
6
29
17
33
19
26
7
24
16
8
20
34
32
3
18
1
28
31
13
30
21
27
2
25
11
14
15
12
23
9
22
4
5
10
6
29
17
33
19
26
7
24
16
8
20
34
32
3
18
1
28
31
13
30
21
27
2
25
11
14
15
12
23
9
22
4
5
10
6
29
17
33
19
26
7
24
16
8
20
34
32
3
18
1
28
31
13
30
21
27
2
25
11
14
15
12
23
9
22
4
5
10
6
29
17
33
19
26
7
24
16
8
20
34
32
3
18
1
28
31
13
30
21
27
2
25
11
14
15
12
23
9
22
4
5
10
6
29
17
33
19
26
7
24
16
8
20
34
32
3
18
1
28
31
13
30
21
27
2
25
11
14
15
12
23
9
22
4
5
10
6
29
17
33
19
26
7
24
16
8
20
34
32
3
18
1
28
31
13
30
21
27
2
25
11
14
15
12
23
9
22
4
5
10
6
29
17
33
19
26
7
24
16
8
20
34
32
3
18
1
28
31
13
30
21
27
2
25
11
14
15
12
23
9
22
4
5
10
6
29
17
33
19
26
7
24
16
8
20
34
32
3
18
1
28
31
13
30
21
27
2
25
11
14
15
12
23
9
22
4
5
10
6
29
17
33
19
26
7
24
16
8
20
34
32
3
18
1
28
31
13
30
21
27
2
25
11
14
15
12
23
9
22
4
5
10
6
29
17
33
19
26
7
24
16
8
20
34
32
3
18
1
28
31
13
30
21
27
2
25
11
14
15
12
23
9
22
4
5
10
6
29
17
33
19
26
7
24
16
8
20
34
32
3
18
1
28
31
13
30
21
27
2
25
11
14
15
12
23
9
22
4
5
10
6
29
17
33
19
26
7
24
16
8
20
34
32
3
18
1
28
31
13
30
21
27
2
25
11
14
15
12
23
9
22
4
5
10
6
29
17
33
19
26
7
24
16
8
20
34
32
3
18
1
28
31
13
30
21
27
2
25
11
14
15
12
23
9
22
4
5
10
6
29
17
33
19
26
7
24
16
8
20
34
32
3
18
1
28
31
13
30
21
27
2
25
11
14
15
12
23
9
22
4
5
10
6
29
17
33
19
26
7
24
16
8
20
34
32
3
18
1
28
31
13
30
21
27
2
25
11
14
15
12
23
9
22
4
5
10
6
29
17
33
19
26
7
24
16
8
20
34
32
3
18
1
28
31
13
30
21
27
2
25
11
14
15
12
23
9
22
4
5
10
6
29
17
33
19
26
7
24
16
8
20
34
32
3
18
1
28
31
13
30
21
27
2
25
11
14
15
12
23
9
22
4
5
10
6
29
17
33
19
26
7
24
16
8
20
34
32
3
18
1
28
31
13
30
21
27
2
25
11
14
15
12
23
9
22
4
5
10
6
29
17
33
19
26
7
24
16
8
20
34
32
3
18
1
28
31
13
30
21
27
2
25
11
14
15
12
23
9
22
4
5
10
6
29
17
33
19
26
7
24
16
8
20
34
32
3
18
1
28
31
13
30
21
27
2
25
11
14
15
12
23
9
22
4
5
10
6
29
17
33
19
26
7
24
16
8
20
34
32
3
18
1
28
31
13
30
21
27
2
25
11
14
15
12
23
9
22
4
5
10
6
29
17
33
19
26
7
24
16
8
20
34
32
3
18
1
28
31
13
30
21
27
2
25
11
14
15
12
23
9
22
4
5
10
6
29
17
33
19
26
7
24
16
8
20
34
32
3
18
1
28
31
13
30
21
27
2
25
11
14
15
12
23
9
22
4
5
10
6
29
17
33
19
26
7
24
16
8
20
34
32
3
18
