#     BLOCK:   ACTUAL_P:     P_AVE:       ERROR:
                   1        9.688879e+00        9.688879e+00        0.000000e+00
                   2        9.683949e+00        9.686414e+00        1.743182e-03
                   3        9.708213e+00        9.693680e+00        6.045671e-03
                   4        9.686693e+00        9.691933e+00        4.779938e-03
                   5        9.692724e+00        9.692091e+00        3.826565e-03
                   6        9.700767e+00        9.693537e+00        3.451178e-03
                   7        9.704818e+00        9.695149e+00        3.313119e-03
                   8        9.676959e+00        9.692875e+00        3.595517e-03
                   9        9.716803e+00        9.695534e+00        4.061691e-03
                  10        9.694288e+00        9.695409e+00        3.657432e-03
                  11        9.714788e+00        9.697171e+00        3.725124e-03
                  12        9.667175e+00        9.694671e+00        4.169842e-03
                  13        9.697912e+00        9.694921e+00        3.856530e-03
                  14        9.703603e+00        9.695541e+00        3.630588e-03
                  15        9.697225e+00        9.695653e+00        3.390284e-03
                  16        9.676696e+00        9.694468e+00        3.379094e-03
                  17        9.712833e+00        9.695548e+00        3.348548e-03
                  18        9.717568e+00        9.696772e+00        3.378584e-03
                  19        9.695176e+00        9.696688e+00        3.201807e-03
                  20        9.682926e+00        9.696000e+00        3.114772e-03
                  21        9.693207e+00        9.695867e+00        2.969288e-03
                  22        9.703459e+00        9.696212e+00        2.854304e-03
                  23        9.709600e+00        9.696794e+00        2.788925e-03
                  24        9.711418e+00        9.697403e+00        2.738480e-03
                  25        9.715333e+00        9.698120e+00        2.721235e-03
                  26        9.703125e+00        9.698313e+00        2.623371e-03
                  27        9.717731e+00        9.699032e+00        2.622938e-03
                  28        9.689662e+00        9.698697e+00        2.550523e-03
                  29        9.681612e+00        9.698108e+00        2.529701e-03
                  30        9.683191e+00        9.697611e+00        2.493770e-03
                  31        9.691777e+00        9.697423e+00        2.420418e-03
                  32        9.696402e+00        9.697391e+00        2.344990e-03
                  33        9.707547e+00        9.697699e+00        2.294036e-03
                  34        9.707534e+00        9.697988e+00        2.244730e-03
                  35        9.705284e+00        9.698196e+00        2.190253e-03
                  36        9.707873e+00        9.698465e+00        2.145843e-03
                  37        9.694702e+00        9.698364e+00        2.090257e-03
                  38        9.714768e+00        9.698795e+00        2.079349e-03
                  39        9.700311e+00        9.698834e+00        2.026396e-03
                  40        9.691706e+00        9.698656e+00        1.983557e-03
                  41        9.704797e+00        9.698806e+00        1.940824e-03
                  42        9.685575e+00        9.698491e+00        1.920010e-03
                  43        9.707745e+00        9.698706e+00        1.887382e-03
                  44        9.669710e+00        9.698047e+00        1.956154e-03
                  45        9.708256e+00        9.698274e+00        1.925795e-03
                  46        9.691826e+00        9.698134e+00        1.889025e-03
                  47        9.717109e+00        9.698537e+00        1.891485e-03
                  48        9.687673e+00        9.698311e+00        1.865572e-03
                  49        9.693704e+00        9.698217e+00        1.829867e-03
                  50        9.701021e+00        9.698273e+00        1.794129e-03
                  51        9.702638e+00        9.698359e+00        1.760990e-03
                  52        9.696539e+00        9.698324e+00        1.727472e-03
                  53        9.720862e+00        9.698749e+00        1.746438e-03
                  54        9.694031e+00        9.698661e+00        1.716280e-03
                  55        9.685013e+00        9.698413e+00        1.702922e-03
                  56        9.667546e+00        9.697862e+00        1.759459e-03
                  57        9.680923e+00        9.697565e+00        1.753508e-03
                  58        9.705518e+00        9.697702e+00        1.728628e-03
                  59        9.724429e+00        9.698155e+00        1.757681e-03
                  60        9.693241e+00        9.698073e+00        1.730294e-03
                  61        9.710413e+00        9.698275e+00        1.713712e-03
                  62        9.699706e+00        9.698299e+00        1.686227e-03
                  63        9.685533e+00        9.698096e+00        1.671592e-03
                  64        9.702155e+00        9.698159e+00        1.646676e-03
                  65        9.690613e+00        9.698043e+00        1.625430e-03
                  66        9.683038e+00        9.697816e+00        1.616625e-03
                  67        9.673558e+00        9.697454e+00        1.632537e-03
                  68        9.687409e+00        9.697306e+00        1.615198e-03
                  69        9.709531e+00        9.697483e+00        1.601477e-03
                  70        9.696158e+00        9.697464e+00        1.578710e-03
                  71        9.719630e+00        9.697776e+00        1.587043e-03
                  72        9.697851e+00        9.697778e+00        1.565001e-03
                  73        9.696574e+00        9.697761e+00        1.543649e-03
                  74        9.681740e+00        9.697545e+00        1.537897e-03
                  75        9.693483e+00        9.697490e+00        1.518345e-03
                  76        9.698959e+00        9.697510e+00        1.498490e-03
                  77        9.661924e+00        9.697048e+00        1.548657e-03
                  78        9.696231e+00        9.697037e+00        1.528838e-03
                  79        9.681229e+00        9.696837e+00        1.522524e-03
                  80        9.713708e+00        9.697048e+00        1.518027e-03
                  81        9.719495e+00        9.697325e+00        1.524371e-03
                  82        9.673930e+00        9.697040e+00        1.532247e-03
                  83        9.695470e+00        9.697021e+00        1.513903e-03
                  84        9.719031e+00        9.697283e+00        1.518387e-03
                  85        9.683771e+00        9.697124e+00        1.508821e-03
                  86        9.707292e+00        9.697242e+00        1.495902e-03
                  87        9.697170e+00        9.697241e+00        1.478708e-03
                  88        9.714744e+00        9.697440e+00        1.475220e-03
                  89        9.691205e+00        9.697370e+00        1.460307e-03
                  90        9.675444e+00        9.697126e+00        1.464262e-03
                  91        9.695540e+00        9.697109e+00        1.448275e-03
                  92        9.717596e+00        9.697332e+00        1.449552e-03
                  93        9.674471e+00        9.697086e+00        1.454659e-03
                  94        9.710993e+00        9.697234e+00        1.446688e-03
                  95        9.668818e+00        9.696935e+00        1.462053e-03
                  96        9.713251e+00        9.697105e+00        1.456670e-03
                  97        9.695260e+00        9.697086e+00        1.441776e-03
                  98        9.673996e+00        9.696850e+00        1.446188e-03
                  99        9.679782e+00        9.696678e+00        1.441820e-03
                 100        9.677712e+00        9.696488e+00        1.439822e-03
