#     GEN:  SHORTEST LENGTH: 
           0     2958.08
           1     2844.27
           2      2736.6
           3     2666.05
           4      2544.5
           5     2477.97
           6     2412.75
           7     2364.63
           8     2321.26
           9     2271.85
          10     2222.02
          11     2157.59
          12     2091.25
          13     2009.35
          14     1928.52
          15     1838.18
          16     1760.53
          17     1680.53
          18     1643.57
          19     1589.89
          20     1511.58
          21     1447.54
          22      1393.8
          23     1350.02
          24     1336.35
          25     1337.44
          26     1307.93
          27      1311.8
          28     1292.18
          29     1246.29
          30     1224.62
          31     1216.75
          32     1207.55
          33     1180.67
          34     1179.81
          35     1141.53
          36     1154.15
          37     1155.41
          38     1155.69
          39     1169.59
          40      1181.5
          41     1155.36
          42     1120.64
          43     1149.69
          44     1146.89
          45     1127.72
          46     1101.74
          47     1100.25
          48     1075.63
          49     1059.08
          50     1039.68
          51     1028.63
          52     1009.74
          53     1007.94
          54     1014.48
          55     1008.03
          56     994.801
          57     971.652
          58     959.859
          59     938.127
          60     935.416
          61     944.213
          62     942.433
          63     954.844
          64     941.756
          65     913.846
          66     890.681
          67      859.41
          68     882.564
          69     884.862
          70     883.523
          71     865.219
          72      865.96
          73     877.048
          74     858.492
          75     860.786
          76     846.224
          77     848.827
          78     849.418
          79     850.421
          80     845.124
          81     837.779
          82     859.843
          83     856.111
          84     835.639
          85     817.686
          86     819.977
          87     821.563
          88     852.414
          89     839.989
          90     834.893
          91     854.884
          92     821.424
          93     825.758
          94       809.2
          95     774.354
          96     770.782
          97     777.321
          98     766.978
          99     784.708
         100     808.072
         101     790.615
         102     802.689
         103     806.088
         104     785.815
         105     790.958
         106      793.11
         107     755.776
         108     755.259
         109     737.937
         110     715.797
         111     704.057
         112     692.794
         113     703.472
         114     700.342
         115     687.946
         116     696.239
         117     666.463
         118     665.024
         119      674.84
         120     664.903
         121     662.461
         122     663.004
         123     668.707
         124     647.109
         125      655.88
         126     655.265
         127     646.229
         128     643.691
         129      621.76
         130      634.93
         131     632.728
         132     634.432
         133     626.774
         134     625.038
         135     611.064
         136     618.043
         137     615.933
         138     613.807
         139     610.625
         140     612.441
         141     613.907
         142     610.477
         143     600.038
         144     602.049
         145     598.366
         146     584.036
         147     567.908
         148     567.703
         149     582.973
         150     579.358
         151     581.676
         152     585.248
         153     585.476
         154     580.131
         155     561.289
         156     582.913
         157     589.229
         158     620.792
         159     631.578
         160     629.588
         161     588.238
         162     574.534
         163      585.92
         164     586.633
         165     563.954
         166      573.72
         167     570.163
         168     586.172
         169       581.1
         170     580.157
         171     585.638
         172     575.004
         173     585.243
         174     567.675
         175      546.54
         176     550.413
         177     541.272
         178     521.579
         179     514.587
         180      508.84
         181     506.102
         182     513.683
         183     508.991
         184     521.435
         185     509.316
         186      497.73
         187     515.035
         188     501.998
         189     500.922
         190     500.979
         191     509.774
         192     497.363
         193     504.823
         194     515.692
         195     534.681
         196     529.128
         197     512.805
         198     523.285
         199      531.67
         200     525.589
         201     508.477
         202     515.769
         203     501.129
         204     511.469
         205     511.721
         206     514.605
         207     513.348
         208     481.712
         209     484.626
         210     500.851
         211     494.692
         212     509.063
         213     498.885
         214     504.893
         215     501.344
         216     496.208
         217     505.619
         218     486.793
         219     482.094
         220     498.832
         221     505.123
         222     522.803
         223     500.205
         224     492.799
         225     508.557
         226     501.001
         227     522.048
         228      527.76
         229     497.825
         230     487.855
         231     499.385
         232     500.463
         233     505.153
         234      493.53
         235     475.044
         236     460.872
         237     456.263
         238     452.682
         239     457.972
         240     451.953
         241     452.865
         242     441.156
         243     472.245
         244     462.099
         245     451.715
         246     449.787
         247     459.286
         248     439.242
         249     435.903
         250     432.446
         251     439.499
         252     434.797
         253       451.6
         254     444.615
         255     420.588
         256     437.238
         257     432.215
         258     432.577
         259     452.657
         260     449.354
         261     434.977
         262     429.129
         263     426.601
         264     415.519
         265     416.103
         266     411.826
         267     423.914
         268     430.105
         269     390.525
         270     374.341
         271     379.146
         272     398.534
         273     398.042
         274     406.093
         275     407.122
         276     404.652
         277     407.797
         278     412.344
         279     412.836
         280     422.515
         281     406.126
         282      398.13
         283     388.275
         284     377.443
         285     379.306
         286      396.76
         287     392.234
         288     395.511
         289     417.071
         290     422.697
         291     396.566
         292     400.352
         293     403.399
         294     384.599
         295     385.924
         296     387.838
         297     408.641
         298      392.35
         299      384.82
         300     384.007
         301     393.287
         302     395.018
         303     377.243
         304     389.473
         305     359.122
         306     356.249
         307     365.006
         308     365.521
         309     383.578
         310     356.987
         311     372.655
         312     368.165
         313     370.185
         314     347.696
         315     358.289
         316     343.305
         317     328.002
         318     324.191
         319     315.673
         320     313.054
         321     311.322
         322      320.06
         323     311.198
         324     321.537
         325     336.081
         326     326.642
         327     318.154
         328     318.873
         329     317.897
         330     323.823
         331     340.569
         332      328.39
         333     339.542
         334      341.02
         335     325.557
         336      327.22
         337     322.149
         338     308.516
         339     310.451
         340     305.892
         341     301.816
         342     315.125
         343     323.335
         344     329.776
         345     314.675
         346     313.482
         347     311.735
         348     306.684
         349     295.631
         350     311.538
         351       318.6
         352      303.58
         353     290.876
         354     280.757
         355     287.397
         356     284.377
         357     284.057
         358     288.822
         359     287.234
         360     282.913
         361      280.42
         362     293.002
         363      296.03
         364     282.484
         365     276.233
         366      281.28
         367     275.369
         368     273.457
         369     264.979
         370     261.837
         371     263.194
         372     262.721
         373     256.009
         374     257.353
         375     262.053
         376      265.83
         377     262.919
         378      255.06
         379     273.065
         380     272.424
         381      283.29
         382     271.713
         383     271.466
         384     265.114
         385     254.393
         386     271.509
         387     260.479
         388     255.428
         389     254.394
         390     262.572
         391     257.783
         392     258.963
         393     253.664
         394     260.606
         395     263.767
         396     265.908
         397     272.785
         398     284.252
         399     276.294
         400     271.099
         401     280.202
         402     273.415
         403     273.862
         404     269.817
         405      273.84
         406     261.519
         407     250.418
         408     237.921
         409     249.174
         410     255.568
         411     250.776
         412     241.286
         413      254.47
         414      264.55
         415     241.552
         416     240.852
         417     252.846
         418     251.812
         419     256.044
         420      260.29
         421      263.14
         422     257.891
         423     243.766
         424     252.202
         425     243.818
         426      243.51
         427     241.355
         428     247.045
         429     245.931
         430     242.049
         431     239.188
         432     237.478
         433     249.214
         434     246.536
         435     244.128
         436     251.255
         437     262.479
         438     241.997
         439     236.622
         440     248.307
         441     237.543
         442     260.133
         443     271.423
         444     260.657
         445     281.206
         446     278.901
         447     275.915
         448     276.336
         449     272.967
         450     258.274
         451     243.032
         452     251.985
         453     245.122
         454      238.04
         455     244.999
         456     250.128
         457     248.095
         458     235.471
         459       236.1
         460     232.043
         461     233.641
         462     239.109
         463     259.981
         464     269.578
         465     252.923
         466     236.699
         467     234.148
         468     238.255
         469     242.283
         470     243.457
         471     247.934
         472     241.736
         473     231.016
         474     224.739
         475     227.296
         476     231.322
         477     224.667
         478     229.169
         479     236.716
         480     249.151
         481     243.054
         482      231.41
         483     243.526
         484     221.962
         485     229.973
         486     228.709
         487       223.8
         488     226.589
         489     223.501
         490     225.891
         491     222.793
         492     217.392
         493     223.935
         494     242.737
         495     241.753
         496     243.154
         497     246.149
         498     242.106
         499     242.484
