#     BLOCK:  ACTUAL_H:  H_AVE:   H_AVE:ERROR:
           1   -0.443867   -0.443867           0
           2   -0.413988   -0.428928   0.0105638
           3   -0.389367   -0.415741   0.0128657
           4   -0.403186   -0.412602   0.0100248
           5   -0.386058   -0.407293   0.0093201
           6   -0.409841   -0.407718  0.00777642
           7   -0.377062   -0.403339  0.00780182
           8   -0.406573   -0.403743  0.00683706
           9   -0.400206    -0.40335  0.00608867
          10   -0.399387   -0.402954  0.00549268
          11   -0.383568   -0.401191  0.00526849
          12   -0.402227   -0.401278  0.00483016
          13   -0.415701   -0.402387  0.00458427
          14    -0.40438    -0.40253  0.00425903
          15   -0.407354   -0.402851  0.00398722
          16   -0.417271   -0.403752  0.00383853
          17   -0.424327   -0.404963  0.00379874
          18   -0.385531   -0.403883  0.00373795
          19   -0.390108   -0.403158  0.00361084
          20   -0.424654   -0.404233  0.00358669
          21   -0.401945   -0.404124  0.00341755
          22   -0.411467   -0.404458  0.00327847
          23   -0.427953   -0.405479  0.00329122
          24   -0.383331   -0.404556  0.00328092
          25   -0.404007   -0.404534  0.00314976
          26   -0.406367   -0.404605   0.0030294
          27   -0.427544   -0.405455    0.003034
          28   -0.417115   -0.405871  0.00295409
          29    -0.42342   -0.406476  0.00291354
          30   -0.402368   -0.406339  0.00281964
          31   -0.414272   -0.406595  0.00274027
          32   -0.420703   -0.407036  0.00268987
          33   -0.411634   -0.407175  0.00261196
          34   -0.406881   -0.407167  0.00253516
          35   -0.389572   -0.406664  0.00251207
          36   -0.425106   -0.407176  0.00249398
          37   -0.406584    -0.40716  0.00242663
          38   -0.416421   -0.407404  0.00237497
          39   -0.406804   -0.407389  0.00231413
          40   -0.409709   -0.407447    0.002257
          41   -0.402036   -0.407315  0.00220581
          42   -0.403989   -0.407235  0.00215471
          43   -0.401611   -0.407105  0.00210856
          44   -0.427215   -0.407562   0.0021096
          45   -0.386008   -0.407083   0.0021164
          46   -0.412605   -0.407203  0.00207379
          47    -0.42458   -0.407572  0.00206236
          48   -0.416348   -0.407755  0.00202748
          49   -0.404335   -0.407686   0.0019873
          50   -0.427808   -0.408088  0.00198789
          51   -0.407184    -0.40807  0.00194899
          52   -0.420823   -0.408315  0.00192688
          53   -0.374241   -0.407673   0.0019949
          54   -0.415191   -0.407812  0.00196281
          55   -0.399646   -0.407663  0.00193273
          56   -0.416414    -0.40782  0.00190452
          57   -0.405279   -0.407775  0.00187163
          58   -0.429942   -0.408157  0.00187798
          59   -0.412214   -0.408226   0.0018474
          60   -0.411703   -0.408284  0.00181752
          61   -0.408848   -0.408293  0.00178775
          62   -0.394291   -0.408067  0.00177313
          63   -0.424027   -0.408321  0.00176298
          64   -0.391629    -0.40806  0.00175462
          65   -0.391182     -0.4078  0.00174673
          66   -0.420639   -0.407995  0.00173107
          67   -0.414988   -0.408099  0.00170837
          68   -0.377765   -0.407653  0.00174052
          69   -0.390317   -0.407402  0.00173333
          70   -0.405763   -0.407378  0.00170873
          71   -0.400947   -0.407288  0.00168706
          72   -0.421329   -0.407483  0.00167486
          73   -0.412199   -0.407547  0.00165316
          74   -0.420285    -0.40772  0.00163976
          75   -0.418648   -0.407865  0.00162436
          76   -0.404758   -0.407824   0.0016035
          77   -0.436146   -0.408192  0.00162431
          78   -0.399346   -0.408079  0.00160744
          79   -0.412276   -0.408132  0.00158798
          80   -0.393908   -0.407954  0.00157805
          81     -0.3877   -0.407704  0.00157825
          82   -0.398167   -0.407588  0.00156329
          83   -0.398947   -0.407484  0.00154791
          84   -0.405858   -0.407464  0.00152961
          85   -0.406109   -0.407448  0.00151169
          86   -0.409188   -0.407469  0.00149425
          87   -0.396523   -0.407343  0.00148236
          88   -0.431302   -0.407615  0.00149031
          89   -0.390896   -0.407427  0.00148536
          90   -0.391828   -0.407254  0.00147893
          91   -0.417332   -0.407365  0.00146682
          92   -0.416391   -0.407463  0.00145416
          93   -0.413994   -0.407533  0.00144021
          94   -0.424813   -0.407717  0.00143658
          95   -0.414021   -0.407783  0.00142299
          96   -0.408401    -0.40779  0.00140818
          97   -0.425238   -0.407969   0.0014051
          98   -0.382418   -0.407709  0.00141475
          99   -0.414014   -0.407772  0.00140189
         100   -0.386813   -0.407563  0.00140345
         101   -0.411139   -0.407598     0.00139
         102   -0.392638   -0.407452  0.00138409
         103   -0.399889   -0.407378   0.0013726
         104   -0.406431   -0.407369  0.00135943
         105   -0.406362   -0.407359  0.00134652
         106   -0.399178   -0.407282  0.00133603
         107   -0.408496   -0.407294  0.00132359
         108   -0.423604   -0.407445  0.00131992
         109    -0.42841   -0.407637  0.00132175
         110   -0.414553     -0.4077  0.00131123
         111   -0.418278   -0.407795  0.00130288
         112   -0.379519   -0.407543  0.00131548
         113   -0.415368   -0.407612  0.00130566
         114   -0.412282   -0.407653  0.00129485
         115   -0.416846   -0.407733  0.00128605
         116   -0.390152   -0.407581  0.00128386
         117   -0.402027   -0.407534  0.00127377
         118   -0.422125   -0.407657  0.00126896
         119   -0.403973   -0.407626  0.00125868
         120   -0.416228   -0.407698  0.00125023
         121   -0.429856   -0.407881  0.00125323
         122   -0.417735   -0.407962  0.00124556
         123   -0.435555   -0.408186  0.00125547
         124   -0.407812   -0.408183  0.00124535
         125   -0.413487   -0.408226  0.00123611
         126   -0.427908   -0.408382  0.00123613
         127   -0.412497   -0.408414  0.00122682
         128   -0.404397   -0.408383  0.00121764
         129   -0.431264    -0.40856  0.00122105
         130   -0.414887   -0.408609  0.00121263
         131   -0.431155   -0.408781  0.00121552
         132   -0.417689   -0.408849  0.00120819
         133   -0.412017   -0.408872  0.00119934
         134   -0.413821   -0.408909  0.00119096
         135   -0.393491   -0.408795   0.0011876
         136   -0.400084   -0.408731  0.00118059
         137   -0.389554   -0.408591  0.00118024
         138   -0.405441   -0.408568  0.00117191
         139   -0.426464   -0.408697  0.00117053
         140   -0.403469    -0.40866  0.00116277
         141   -0.410393   -0.408672  0.00115458
         142    -0.39993    -0.40861  0.00114809
         143   -0.434064   -0.408788  0.00115378
         144   -0.403251    -0.40875  0.00114641
         145    -0.40563   -0.408728   0.0011387
         146   -0.410805   -0.408743  0.00113099
         147   -0.417011   -0.408799   0.0011247
         148   -0.436589   -0.408987  0.00113267
         149   -0.405283   -0.408962  0.00112534
         150    -0.40222   -0.408917  0.00111873
         151    -0.41681   -0.408969  0.00111254
         152   -0.409056    -0.40897  0.00110522
         153   -0.422803    -0.40906  0.00110169
         154   -0.409146   -0.409061  0.00109454
         155   -0.421052   -0.409138  0.00109021
         156   -0.437171   -0.409318  0.00109793
         157   -0.398037   -0.409246  0.00109328
         158   -0.410156   -0.409252  0.00108638
         159   -0.409152   -0.409251  0.00107955
         160   -0.420568   -0.409322  0.00107511
         161    -0.38018   -0.409141  0.00108357
         162    -0.42601   -0.409245  0.00108187
         163   -0.432491   -0.409388  0.00108459
         164   -0.367259   -0.409131  0.00110798
         165   -0.417034   -0.409179   0.0011023
         166   -0.391474   -0.409072  0.00110081
         167    -0.43975   -0.409256  0.00110944
         168   -0.410601   -0.409264  0.00110286
         169    -0.41821   -0.409317  0.00109761
         170   -0.417603   -0.409365  0.00109223
         171   -0.389511   -0.409249    0.001092
         172   -0.409003   -0.409248  0.00108565
         173   -0.405731   -0.409227  0.00107957
         174   -0.418539   -0.409281  0.00107469
         175   -0.409919   -0.409285  0.00106855
         176   -0.400771   -0.409236  0.00106358
         177   -0.407187   -0.409225  0.00105763
         178   -0.422434   -0.409299  0.00105429
         179   -0.403966   -0.409269  0.00104882
         180   -0.403708   -0.409238  0.00104345
         181   -0.423698   -0.409318  0.00104074
         182   -0.415745   -0.409353  0.00103562
         183   -0.422375   -0.409425   0.0010324
         184   -0.427237   -0.409521  0.00103132
         185   -0.409216    -0.40952  0.00102574
         186   -0.414546   -0.409547  0.00102059
         187   -0.430246   -0.409657  0.00102111
         188   -0.413417   -0.409677  0.00101588
         189   -0.409943   -0.409679   0.0010105
         190   -0.406125    -0.40966  0.00100536
         191   -0.418739   -0.409708  0.00100122
         192   -0.423909   -0.409782 0.000998731
         193   -0.427927   -0.409876 0.000997972
         194   -0.434699   -0.410004    0.001001
         195   -0.414147   -0.410025 0.000996089
         196   -0.404989   -0.409999 0.000991338
         197   -0.395383   -0.409925 0.000989078
         198     -0.4178   -0.409965 0.000984882
         199   -0.435489   -0.410093  0.00098825
         200   -0.428067   -0.410183 0.000987386
         201   -0.399532    -0.41013 0.000983895
         202   -0.398033    -0.41007 0.000980845
         203   -0.406355   -0.410052 0.000976184
         204   -0.412515   -0.410064 0.000971473
         205   -0.417377   -0.410099 0.000967389
         206   -0.396354   -0.410033 0.000964992
         207   -0.404085   -0.410004 0.000960757
         208   -0.415713   -0.410031  0.00095653
         209   -0.396118   -0.409965 0.000954268
         210   -0.417869   -0.410002 0.000950465
         211   -0.406317   -0.409985 0.000946121
         212    -0.42244   -0.410044 0.000943481
         213   -0.410323   -0.410045 0.000939052
         214   -0.410387   -0.410047 0.000934665
         215   -0.408249   -0.410038 0.000930355
         216   -0.410214   -0.410039 0.000926049
         217   -0.416624   -0.410069 0.000922278
         218   -0.428865   -0.410156 0.000922069
         219   -0.398409   -0.410102 0.000919417
         220   -0.429566    -0.41019 0.000919485
         221   -0.416601   -0.410219 0.000915782
         222   -0.400333   -0.410175 0.000912739
         223   -0.405963   -0.410156 0.000908841
         224   -0.403921   -0.410128  0.00090521
         225    -0.40477   -0.410104   0.0009015
         226   -0.412276   -0.410114 0.000897562
         227   -0.418373    -0.41015 0.000894346
         228   -0.402622   -0.410117 0.000891032
         229   -0.407797   -0.410107 0.000887199
         230   -0.401313   -0.410069 0.000884165
         231   -0.426306   -0.410139 0.000883127
         232   -0.396116   -0.410079 0.000881387
         233   -0.422908   -0.410134 0.000879322
         234    -0.39638   -0.410075 0.000877526
         235   -0.396143   -0.410016 0.000875792
         236   -0.424992   -0.410079 0.000874377
         237   -0.429847   -0.410163 0.000874657
         238   -0.404652    -0.41014 0.000871289
         239   -0.408149   -0.410131 0.000867683
         240   -0.410891   -0.410134 0.000864073
         241    -0.41635    -0.41016 0.000860873
         242   -0.406148   -0.410144 0.000857475
         243   -0.417922   -0.410176 0.000854543
         244    -0.40768   -0.410165 0.000851102
         245   -0.417943   -0.410197  0.00084822
         246   -0.432855   -0.410289 0.000849758
         247   -0.405244   -0.410269 0.000846563
         248   -0.410571    -0.41027 0.000843151
         249   -0.418099   -0.410301  0.00084035
         250   -0.427673   -0.410371 0.000839857
         251   -0.416449   -0.410395  0.00083686
         252   -0.422388   -0.410443 0.000834891
         253   -0.417462   -0.410471 0.000832052
         254   -0.407456   -0.410459 0.000828861
         255   -0.435201   -0.410556  0.00083127
         256   -0.431705   -0.410638 0.000832118
         257   -0.387889    -0.41055 0.000833575
         258   -0.423696   -0.410601   0.0008319
         259   -0.410947   -0.410602 0.000828689
         260   -0.407461    -0.41059  0.00082559
         261   -0.407316   -0.410577 0.000822522
         262   -0.411755   -0.410582 0.000819395
         263   -0.403402   -0.410555 0.000816734
         264   -0.404666   -0.410532 0.000813945
         265   -0.425165   -0.410588 0.000812744
         266   -0.413437   -0.410598 0.000809759
         267   -0.418339   -0.410627 0.000807245
         268   -0.391059   -0.410554 0.000807529
         269   -0.382998   -0.410452 0.000810998
         270   -0.397578   -0.410404 0.000809395
         271   -0.405791   -0.410387 0.000806587
         272   -0.405287   -0.410368  0.00080384
         273   -0.423988   -0.410418 0.000802442
         274    -0.41303   -0.410428  0.00079957
         275   -0.401267   -0.410394 0.000797356
         276   -0.403478   -0.410369 0.000794861
         277   -0.402227    -0.41034 0.000792534
         278   -0.415698   -0.410359 0.000789918
         279   -0.400999   -0.410326 0.000787799
         280   -0.393985   -0.410267 0.000787144
         281   -0.402465    -0.41024 0.000784832
         282   -0.426873   -0.410299 0.000784262
         283   -0.408518   -0.410292 0.000781516
         284   -0.417605   -0.410318 0.000779188
         285   -0.422774   -0.410362 0.000777679
         286   -0.427161    -0.41042 0.000777175
         287   -0.400989   -0.410388 0.000775162
         288   -0.395025   -0.410334 0.000774303
         289   -0.426126   -0.410389  0.00077355
         290   -0.389601   -0.410317 0.000774196
         291   -0.415595   -0.410335 0.000771748
         292   -0.407374   -0.410325 0.000769172
         293   -0.424217   -0.410373 0.000768007
         294   -0.414713   -0.410387 0.000765536
         295   -0.417512   -0.410412 0.000763322
         296   -0.396763   -0.410365 0.000762135
         297   -0.391427   -0.410302 0.000762231
         298   -0.428726   -0.410364 0.000762177
         299   -0.412435    -0.41037 0.000759659
         300   -0.405493   -0.410354 0.000757301
