1
14
2
33
18
29
9
24
28
31
30
7
15
26
34
10
19
27
23
22
20
17
13
25
4
16
6
12
3
32
5
21
8
11
1
14
2
33
18
29
9
24
28
31
30
7
15
26
34
10
19
27
23
22
20
17
13
25
4
16
6
12
3
32
5
21
8
11
1
31
34
10
28
19
7
18
17
15
11
12
30
20
5
22
32
23
24
9
4
16
33
13
25
2
8
26
29
27
14
3
21
6
1
31
34
10
28
19
7
18
17
15
11
12
30
20
5
22
32
23
24
9
4
16
33
13
25
2
8
26
29
27
14
3
21
6
1
31
34
10
28
19
7
18
17
15
11
12
30
20
5
22
32
23
24
9
4
16
33
13
25
2
8
26
29
27
14
3
21
6
1
31
34
10
28
19
7
18
17
15
11
12
30
20
5
22
32
23
24
9
4
16
33
13
25
2
8
26
29
27
14
3
21
6
1
31
34
10
28
19
7
18
17
15
11
12
30
20
5
22
32
23
24
9
4
16
33
13
25
2
8
26
29
27
14
3
21
6
1
31
34
10
28
19
7
18
17
15
11
12
30
20
5
22
32
23
24
9
4
16
33
13
25
2
8
26
29
27
14
3
21
6
1
31
34
10
28
19
7
18
17
15
11
12
30
20
5
22
32
23
24
9
4
16
33
13
25
2
8
26
29
27
14
3
21
6
1
31
34
10
28
19
7
18
17
15
11
12
30
20
5
22
32
23
24
9
4
16
33
13
25
2
8
26
29
27
14
3
21
6
1
31
34
10
28
19
7
18
17
15
11
12
30
20
5
22
32
23
24
9
4
16
33
13
25
2
8
26
29
27
14
3
21
6
1
31
34
10
28
19
7
18
17
15
11
12
30
20
5
22
32
23
24
9
4
16
33
13
25
2
8
26
29
27
14
3
21
6
1
31
34
10
28
19
7
18
17
15
11
12
30
20
5
22
32
23
24
9
4
16
33
13
25
2
8
26
29
27
14
3
21
6
1
31
34
10
28
19
7
18
17
15
11
12
30
20
5
22
32
23
24
9
4
16
33
13
25
2
8
26
29
27
14
3
21
6
1
31
34
10
28
19
7
18
17
15
11
12
30
20
5
22
32
23
24
9
4
16
33
13
25
2
8
26
29
27
14
3
21
6
1
31
34
10
28
19
7
18
17
15
11
12
30
20
5
22
32
23
24
9
4
16
33
13
25
2
8
26
29
27
14
3
21
6
1
31
34
10
28
19
7
18
17
15
11
12
30
20
5
22
32
23
24
9
4
16
33
13
25
2
8
26
29
27
14
3
21
6
1
31
34
10
28
19
7
18
17
15
11
12
30
20
5
22
32
23
24
9
4
16
33
13
25
2
8
26
29
27
14
3
21
6
1
31
34
10
28
19
7
18
17
15
11
12
30
20
5
22
32
23
24
9
4
16
33
13
25
2
8
26
29
27
14
3
21
6
1
31
34
10
28
19
7
18
17
15
11
12
30
20
5
22
32
23
24
9
4
16
33
13
25
2
8
26
29
27
14
3
21
6
1
31
34
10
28
19
7
18
17
15
11
12
30
20
5
22
32
23
24
9
4
16
33
13
25
2
8
26
29
27
14
3
21
6
1
31
34
10
28
19
7
18
17
15
11
12
30
20
5
22
32
23
24
9
4
16
33
13
25
2
8
26
29
27
14
3
21
6
1
31
34
10
28
19
7
18
17
15
11
12
30
20
5
22
32
23
24
9
4
16
33
13
25
2
8
26
29
27
14
3
21
6
1
31
34
10
28
19
7
18
17
15
11
12
30
20
5
22
32
23
24
9
4
16
33
13
25
2
8
26
29
27
14
3
21
6
1
31
34
10
28
19
7
18
17
15
11
12
30
20
5
22
32
23
24
9
4
16
33
13
25
2
8
26
29
27
14
3
21
6
1
31
34
10
28
19
7
18
17
15
11
12
30
20
5
22
32
23
24
9
4
16
33
13
25
2
8
26
29
27
14
3
21
6
1
31
34
10
28
19
7
18
17
15
11
12
30
20
5
22
32
23
24
9
4
16
33
13
25
2
8
26
29
27
14
3
21
6
1
31
34
10
28
19
7
18
17
15
11
12
30
20
5
22
32
23
24
9
4
16
33
13
25
2
8
26
29
27
14
3
21
6
1
31
34
10
28
19
7
18
17
15
11
12
30
20
5
22
32
23
24
9
4
16
33
13
25
2
8
26
29
27
14
3
21
6
1
31
34
10
28
19
7
18
17
15
11
12
30
20
5
22
32
23
24
9
4
16
33
13
25
2
8
26
29
27
14
3
21
6
1
31
34
10
28
19
7
18
17
15
11
12
30
20
5
22
32
23
24
9
4
16
33
13
25
2
8
26
29
27
14
3
21
6
1
31
34
10
28
19
7
18
17
15
11
12
30
20
5
22
32
23
24
9
4
16
33
13
25
2
8
26
29
27
14
3
21
6
1
31
34
10
28
19
7
18
17
15
11
12
30
20
5
22
32
23
24
9
4
16
33
13
25
2
8
26
29
27
14
3
21
6
1
31
34
10
28
19
7
18
17
15
11
12
30
20
5
22
32
23
24
9
4
16
33
13
25
2
8
26
29
27
14
3
21
6
1
31
34
10
28
19
7
18
17
15
11
6
12
30
20
5
22
32
23
24
9
4
16
33
13
25
2
8
26
21
3
29
14
27
1
31
34
10
28
19
7
18
17
15
11
12
30
20
5
22
32
23
24
9
4
16
33
13
25
2
8
26
29
27
14
3
21
6
1
31
34
10
28
19
7
18
17
15
11
12
30
20
5
22
32
23
24
9
4
16
33
13
25
2
8
26
29
27
14
3
21
6
1
31
34
10
28
19
7
18
17
15
11
12
30
20
5
22
32
23
24
9
4
16
33
13
25
2
8
26
29
27
14
3
21
6
1
31
34
10
28
19
7
18
17
15
11
12
30
20
5
22
32
23
24
9
4
16
33
13
25
2
8
26
29
27
14
3
21
6
1
31
34
10
28
19
7
18
17
15
11
12
30
20
5
22
32
23
24
9
4
16
33
13
25
2
8
26
29
27
14
3
21
6
1
31
34
10
28
19
7
18
17
15
11
12
30
20
5
22
32
23
24
9
4
16
33
13
25
2
8
26
29
27
14
3
21
6
1
31
34
10
28
19
7
18
17
15
11
12
30
20
5
22
32
23
24
9
4
16
33
13
25
2
8
26
29
27
14
3
21
6
1
31
34
10
28
19
7
18
17
15
11
12
30
20
5
22
32
23
24
9
4
16
33
13
25
2
8
26
29
27
14
3
21
6
