1
14
2
33
18
29
9
24
28
31
30
7
15
26
34
10
19
27
23
22
20
17
13
25
4
16
6
12
3
32
5
21
8
11
1
14
2
33
18
29
9
24
28
31
30
7
15
26
34
10
19
27
23
22
20
17
13
25
4
16
6
12
3
32
5
21
8
11
1
24
21
28
4
5
7
16
14
31
20
15
26
30
19
29
13
34
25
33
8
17
32
12
3
23
11
6
2
22
9
27
10
18
1
24
21
28
4
5
7
16
14
31
20
15
26
30
19
29
13
34
25
33
8
17
32
12
3
23
11
6
2
22
9
27
10
18
1
24
21
28
4
5
7
16
14
31
20
15
26
30
19
29
13
34
25
33
8
17
32
12
3
23
11
6
2
22
9
27
10
18
1
24
21
28
4
5
7
16
14
31
20
15
26
30
19
29
13
34
25
33
8
17
32
12
3
23
11
6
2
22
9
27
10
18
1
24
21
28
4
5
7
16
14
31
20
15
26
30
19
29
13
34
25
33
8
17
32
12
3
23
11
6
2
22
9
27
10
18
1
24
21
28
4
5
7
16
14
31
20
15
26
30
19
29
13
34
25
33
8
17
32
12
3
23
11
6
2
22
9
27
10
18
1
24
21
28
4
5
7
16
14
31
20
15
26
30
19
29
13
34
25
33
8
17
32
12
3
23
11
6
2
22
9
27
10
18
1
24
21
28
4
5
7
16
14
31
20
15
26
30
19
29
13
34
25
33
8
17
32
12
3
23
11
6
2
22
9
27
10
18
1
24
21
28
4
5
7
16
14
31
20
15
26
30
19
29
13
34
25
33
8
17
32
12
3
23
11
6
2
22
9
27
10
18
1
24
21
28
4
5
7
16
14
31
20
15
26
30
19
29
13
34
25
33
8
17
32
12
3
23
11
6
2
22
9
27
10
18
1
24
21
28
4
5
7
16
14
31
20
15
26
30
19
29
13
34
25
33
8
17
32
12
3
23
11
6
2
22
9
27
10
18
1
24
21
28
4
5
7
16
14
31
20
15
26
30
19
29
13
34
25
33
8
17
32
12
3
23
11
6
2
22
9
27
10
18
1
24
21
28
4
5
7
16
14
31
20
15
26
30
19
29
13
34
25
33
8
17
32
12
3
23
11
6
2
22
9
27
10
18
1
24
21
28
4
5
7
16
14
31
20
15
26
30
19
29
13
34
25
33
8
17
32
12
3
23
11
6
2
22
9
27
10
18
1
24
21
28
4
5
7
16
14
31
20
15
26
30
19
29
13
34
25
33
8
17
32
12
3
23
11
6
2
22
9
27
10
18
1
24
21
28
4
5
7
16
14
31
20
15
26
30
19
29
13
34
25
33
8
17
32
12
3
23
11
6
2
22
9
27
10
18
1
24
21
28
4
5
7
16
14
31
20
15
26
30
19
29
13
34
25
33
8
17
32
12
3
23
11
6
2
22
9
27
10
18
1
24
21
28
4
5
7
16
14
31
20
15
26
30
19
29
13
34
25
33
8
17
32
12
3
23
11
6
2
22
9
27
10
18
1
24
21
28
4
5
7
16
14
31
20
15
26
30
19
29
13
34
25
33
8
17
32
12
3
23
11
6
2
22
9
27
10
18
1
24
21
28
4
5
7
16
14
31
20
15
26
30
19
29
13
34
25
33
8
17
32
12
3
23
11
6
2
22
9
27
10
18
1
24
21
28
4
5
7
16
14
31
20
15
26
30
19
29
13
34
25
33
8
17
32
12
3
23
11
6
2
22
9
27
10
18
1
24
21
28
4
5
7
16
14
31
20
15
26
30
19
29
13
34
25
33
8
17
32
12
3
23
11
6
2
22
9
27
10
18
1
24
21
28
4
5
7
16
14
31
20
15
26
30
19
29
13
34
25
33
8
17
32
12
3
23
11
6
2
22
9
27
10
18
1
24
21
28
4
5
7
16
14
31
20
15
26
30
19
29
13
34
25
33
8
17
32
12
3
23
11
6
2
22
9
27
10
18
1
24
21
28
4
5
7
16
14
31
20
15
26
30
19
29
13
34
25
33
8
17
32
12
3
23
11
6
2
22
9
27
10
18
1
24
21
28
4
5
7
16
14
31
20
15
26
30
19
29
13
34
25
33
8
17
32
12
3
23
11
6
2
22
9
27
10
18
1
24
21
28
4
5
7
16
14
31
20
15
26
30
19
29
13
34
25
33
8
17
32
12
3
23
11
6
2
22
9
27
10
18
1
24
21
28
4
5
7
16
14
31
20
15
26
30
19
29
13
34
25
33
8
17
32
12
3
23
11
6
2
22
9
27
10
18
1
24
21
28
4
5
7
16
14
31
20
15
26
30
19
29
13
34
25
33
8
17
32
12
3
23
11
6
2
22
9
27
10
18
1
24
21
28
4
5
7
16
14
31
20
15
26
30
19
29
13
34
25
33
8
17
32
12
3
23
11
6
2
22
9
27
10
18
1
24
21
28
4
5
7
16
14
31
20
15
26
30
19
29
13
34
25
33
8
17
32
12
3
23
11
6
2
22
9
27
10
18
1
24
21
28
4
5
7
16
14
31
20
15
26
30
19
29
13
34
25
33
8
17
32
12
3
23
11
6
2
22
9
27
10
18
1
24
21
28
4
5
7
16
14
31
20
15
26
30
19
29
13
34
25
33
8
17
32
12
3
23
11
6
2
22
9
27
10
18
1
24
21
28
4
5
7
16
14
31
20
15
26
30
19
29
13
34
25
33
8
17
32
12
3
23
11
6
2
22
9
27
10
18
1
24
21
28
4
5
7
16
14
31
20
15
26
30
19
29
13
34
25
33
8
17
32
12
3
23
11
6
2
22
9
27
10
18
1
24
21
28
4
5
7
16
14
31
20
15
26
30
19
29
13
34
25
33
8
17
32
12
3
23
11
6
2
22
9
27
10
18
1
24
21
28
4
5
7
16
14
31
20
15
26
30
19
29
13
34
25
33
8
17
32
12
3
23
11
6
2
22
9
27
10
18
1
24
21
28
4
5
7
16
14
31
20
15
26
30
19
29
13
34
25
33
8
17
32
12
3
23
11
6
2
22
9
27
10
18
1
24
21
28
4
5
7
16
14
31
20
15
26
30
19
29
13
34
25
33
8
17
32
12
3
23
11
6
2
22
9
27
10
18
1
24
21
28
4
5
7
16
14
31
20
15
26
30
19
29
13
34
25
33
8
17
32
12
3
23
11
6
2
22
9
27
10
18
1
24
21
28
4
5
7
16
14
31
20
15
26
30
19
29
13
34
25
33
8
17
32
12
3
23
11
6
2
22
9
27
10
18
